Altitude	Temperature	Pressure	HE[m-3]	H2[m-3]
2.267000e+01	1.209000e+02	3.620000e+01	2.934342e+21	1.869478e+22
2.367000e+01	1.215570e+02	3.555010e+01	2.881377e+21	1.835735e+22
2.467000e+01	1.222149e+02	3.489924e+01	2.828331e+21	1.801939e+22
2.567000e+01	1.228736e+02	3.424766e+01	2.775223e+21	1.768105e+22
2.667000e+01	1.235329e+02	3.359560e+01	2.722073e+21	1.734243e+22
2.767000e+01	1.241923e+02	3.294329e+01	2.668900e+21	1.700367e+22
2.867000e+01	1.248518e+02	3.229098e+01	2.615723e+21	1.666489e+22
2.967000e+01	1.255111e+02	3.163889e+01	2.562563e+21	1.632621e+22
3.067000e+01	1.261699e+02	3.098728e+01	2.509439e+21	1.598776e+22
3.167000e+01	1.268280e+02	3.033636e+01	2.456369e+21	1.564966e+22
3.267000e+01	1.274852e+02	2.968639e+01	2.403375e+21	1.531204e+22
3.367000e+01	1.281412e+02	2.903759e+01	2.350474e+21	1.497501e+22
3.467000e+01	1.287958e+02	2.839021e+01	2.297687e+21	1.463871e+22
3.567000e+01	1.294487e+02	2.774448e+01	2.245034e+21	1.430326e+22
3.667000e+01	1.300997e+02	2.710065e+01	2.192533e+21	1.396879e+22
3.767000e+01	1.307485e+02	2.645893e+01	2.140204e+21	1.363540e+22
3.867000e+01	1.313950e+02	2.581959e+01	2.088067e+21	1.330324e+22
3.967000e+01	1.320389e+02	2.518284e+01	2.036141e+21	1.297243e+22
4.067000e+01	1.326799e+02	2.454893e+01	1.984446e+21	1.264309e+22
4.167000e+01	1.333177e+02	2.391810e+01	1.933001e+21	1.231533e+22
4.267000e+01	1.339523e+02	2.329057e+01	1.881825e+21	1.198930e+22
4.367000e+01	1.345832e+02	2.266660e+01	1.830939e+21	1.166511e+22
4.467000e+01	1.352103e+02	2.204642e+01	1.780362e+21	1.134289e+22
4.567000e+01	1.358334e+02	2.143026e+01	1.730112e+21	1.102275e+22
4.667000e+01	1.364521e+02	2.081836e+01	1.680211e+21	1.070484e+22
4.767000e+01	1.370663e+02	2.021096e+01	1.630676e+21	1.038926e+22
4.867000e+01	1.376757e+02	1.960829e+01	1.581529e+21	1.007614e+22
4.967000e+01	1.382801e+02	1.901060e+01	1.532787e+21	9.765616e+21
5.067000e+01	1.388792e+02	1.841811e+01	1.484471e+21	9.457800e+21
5.167000e+01	1.394727e+02	1.783108e+01	1.436601e+21	9.152821e+21
5.267000e+01	1.400606e+02	1.724972e+01	1.389195e+21	8.850803e+21
5.367000e+01	1.406424e+02	1.667429e+01	1.342273e+21	8.551869e+21
5.467000e+01	1.412180e+02	1.610502e+01	1.295855e+21	8.256144e+21
5.567000e+01	1.417871e+02	1.554214e+01	1.249960e+21	7.963752e+21
5.667000e+01	1.423495e+02	1.498590e+01	1.204607e+21	7.674817e+21
5.767000e+01	1.429050e+02	1.443652e+01	1.159817e+21	7.389465e+21
5.867000e+01	1.434532e+02	1.389425e+01	1.115609e+21	7.107818e+21
5.967000e+01	1.439940e+02	1.335933e+01	1.072002e+21	6.830001e+21
6.067000e+01	1.445272e+02	1.283199e+01	1.029016e+21	6.556138e+21
6.167000e+01	1.450524e+02	1.231247e+01	9.866692e+20	6.286354e+21
6.267000e+01	1.455694e+02	1.180100e+01	9.449827e+20	6.020773e+21
6.367000e+01	1.460781e+02	1.129782e+01	9.039753e+20	5.759518e+21
6.467000e+01	1.465781e+02	1.080318e+01	8.636666e+20	5.502715e+21
6.567000e+01	1.470692e+02	1.031730e+01	8.240761e+20	5.250488e+21
6.667000e+01	1.475512e+02	9.840428e+00	7.852233e+20	5.002960e+21
6.767000e+01	1.480239e+02	9.372797e+00	7.471278e+20	4.760256e+21
6.867000e+01	1.484869e+02	8.914644e+00	7.098089e+20	4.522500e+21
6.967000e+01	1.489401e+02	8.466207e+00	6.732862e+20	4.289817e+21
7.067000e+01	1.493832e+02	8.027724e+00	6.375792e+20	4.062330e+21
7.167000e+01	1.498160e+02	7.599430e+00	6.027074e+20	3.840165e+21
7.267000e+01	1.502382e+02	7.181564e+00	5.686903e+20	3.623444e+21
7.367000e+01	1.506496e+02	6.774363e+00	5.355473e+20	3.412293e+21
7.467000e+01	1.510500e+02	6.378063e+00	5.032981e+20	3.206835e+21
7.567000e+01	1.514391e+02	5.992902e+00	4.719621e+20	3.007195e+21
7.667000e+01	1.518166e+02	5.619117e+00	4.415588e+20	2.813497e+21
7.767000e+01	1.521824e+02	5.256945e+00	4.121077e+20	2.625865e+21
7.867000e+01	1.525361e+02	4.906624e+00	3.836283e+20	2.444424e+21
7.967000e+01	1.528776e+02	4.568391e+00	3.561401e+20	2.269297e+21
8.067000e+01	1.532067e+02	4.242482e+00	3.296626e+20	2.100609e+21
8.167000e+01	1.535229e+02	3.929135e+00	3.042153e+20	1.938485e+21
8.267000e+01	1.538263e+02	3.628586e+00	2.798177e+20	1.783048e+21
8.367000e+01	1.541164e+02	3.341075e+00	2.564893e+20	1.634423e+21
8.467000e+01	1.543930e+02	3.066836e+00	2.342497e+20	1.492733e+21
8.567000e+01	1.546559e+02	2.806108e+00	2.131182e+20	1.358104e+21
8.667000e+01	1.549050e+02	2.559128e+00	1.931144e+20	1.230659e+21
8.767000e+01	1.551398e+02	2.326133e+00	1.742578e+20	1.110522e+21
8.867000e+01	1.553602e+02	2.107359e+00	1.565680e+20	9.978187e+20
8.967000e+01	1.555660e+02	1.903045e+00	1.400643e+20	8.926721e+20
9.067000e+01	1.557568e+02	1.713427e+00	1.247664e+20	7.952068e+20
9.167000e+01	1.559325e+02	1.538743e+00	1.106936e+20	7.055470e+20
9.267000e+01	1.560929e+02	1.379230e+00	9.786560e+19	6.238169e+20
9.367000e+01	1.562376e+02	1.235124e+00	8.630177e+19	5.501408e+20
9.467000e+01	1.563665e+02	1.106663e+00	7.602166e+19	4.846428e+20
9.567000e+01	1.564792e+02	9.940847e-01	6.704475e+19	4.274474e+20
9.667000e+01	1.565756e+02	8.976256e-01	5.939056e+19	3.786785e+20
9.767000e+01	1.566555e+02	8.175229e-01	5.307857e+19	3.384606e+20
9.867000e+01	1.567185e+02	7.540140e-01	4.812829e+19	3.069178e+20
9.967000e+01	1.567644e+02	7.073358e-01	4.455923e+19	2.841743e+20
1.006700e+02	1.567931e+02	6.777257e-01	4.239088e+19	2.703544e+20
1.016700e+02	1.568070e+02	6.626100e-01	4.141160e+19	2.641099e+20
1.026700e+02	1.568189e+02	6.492363e-01	4.057274e+19	2.587600e+20
1.036700e+02	1.568305e+02	6.360120e-01	3.974334e+19	2.534704e+20
1.046700e+02	1.568417e+02	6.229368e-01	3.892338e+19	2.482410e+20
1.056700e+02	1.568526e+02	6.100104e-01	3.811283e+19	2.430716e+20
1.066700e+02	1.568632e+02	5.972323e-01	3.731167e+19	2.379620e+20
1.076700e+02	1.568734e+02	5.846023e-01	3.651987e+19	2.329123e+20
1.086700e+02	1.568833e+02	5.721201e-01	3.573743e+19	2.279221e+20
1.096700e+02	1.568929e+02	5.597852e-01	3.496430e+19	2.229914e+20
1.106700e+02	1.569022e+02	5.475975e-01	3.420048e+19	2.181200e+20
1.116700e+02	1.569112e+02	5.355565e-01	3.344593e+19	2.133077e+20
1.126700e+02	1.569199e+02	5.236619e-01	3.270064e+19	2.085545e+20
1.136700e+02	1.569283e+02	5.119134e-01	3.196458e+19	2.038602e+20
1.146700e+02	1.569364e+02	5.003106e-01	3.123773e+19	1.992245e+20
1.156700e+02	1.569443e+02	4.888533e-01	3.052006e+19	1.946475e+20
1.166700e+02	1.569519e+02	4.775410e-01	2.981156e+19	1.901289e+20
1.176700e+02	1.569592e+02	4.663735e-01	2.911220e+19	1.856687e+20
1.186700e+02	1.569663e+02	4.553504e-01	2.842197e+19	1.812665e+20
1.196700e+02	1.569731e+02	4.444714e-01	2.774082e+19	1.769224e+20
1.206700e+02	1.569797e+02	4.337362e-01	2.706875e+19	1.726362e+20
1.216700e+02	1.569861e+02	4.231444e-01	2.640574e+19	1.684076e+20
1.226700e+02	1.569923e+02	4.126956e-01	2.575175e+19	1.642367e+20
1.236700e+02	1.569982e+02	4.023897e-01	2.510676e+19	1.601232e+20
1.246700e+02	1.570040e+02	3.922261e-01	2.447077e+19	1.560670e+20
1.256700e+02	1.570095e+02	3.822046e-01	2.384373e+19	1.520679e+20
1.266700e+02	1.570149e+02	3.723250e-01	2.322563e+19	1.481258e+20
1.276700e+02	1.570201e+02	3.625867e-01	2.261644e+19	1.442406e+20
1.286700e+02	1.570251e+02	3.529895e-01	2.201615e+19	1.404121e+20
1.296700e+02	1.570299e+02	3.435331e-01	2.142473e+19	1.366402e+20
1.306700e+02	1.570346e+02	3.342171e-01	2.084215e+19	1.329247e+20
1.316700e+02	1.570391e+02	3.250413e-01	2.026840e+19	1.292655e+20
1.326700e+02	1.570434e+02	3.160051e-01	1.970346e+19	1.256624e+20
1.336700e+02	1.570477e+02	3.071085e-01	1.914729e+19	1.221153e+20
1.346700e+02	1.570518e+02	2.983509e-01	1.859988e+19	1.186241e+20
1.356700e+02	1.570557e+02	2.897321e-01	1.806121e+19	1.151886e+20
1.366700e+02	1.570596e+02	2.812517e-01	1.753124e+19	1.118086e+20
1.376700e+02	1.570633e+02	2.729095e-01	1.700997e+19	1.084840e+20
1.386700e+02	1.570670e+02	2.647050e-01	1.649736e+19	1.052148e+20
1.396700e+02	1.570705e+02	2.566379e-01	1.599340e+19	1.020006e+20
1.406700e+02	1.570740e+02	2.487080e-01	1.549806e+19	9.884145e+19
1.416700e+02	1.570774e+02	2.409148e-01	1.501132e+19	9.573713e+19
1.426700e+02	1.570807e+02	2.332581e-01	1.453315e+19	9.268750e+19
1.436700e+02	1.570839e+02	2.257375e-01	1.406354e+19	8.969243e+19
1.446700e+02	1.570871e+02	2.183526e-01	1.360246e+19	8.675176e+19
1.456700e+02	1.570902e+02	2.111032e-01	1.314989e+19	8.386536e+19
1.466700e+02	1.570933e+02	2.039890e-01	1.270580e+19	8.103307e+19
1.476700e+02	1.570963e+02	1.970095e-01	1.227018e+19	7.825477e+19
1.486700e+02	1.570993e+02	1.901644e-01	1.184300e+19	7.553029e+19
1.496700e+02	1.571023e+02	1.834535e-01	1.142423e+19	7.285950e+19
1.506700e+02	1.571053e+02	1.768763e-01	1.101386e+19	7.024226e+19
1.516700e+02	1.571083e+02	1.704326e-01	1.061187e+19	6.767841e+19
1.526700e+02	1.571112e+02	1.641220e-01	1.021822e+19	6.516782e+19
1.536700e+02	1.571142e+02	1.579442e-01	9.832901e+18	6.271034e+19
1.546700e+02	1.571172e+02	1.518989e-01	9.455887e+18	6.030583e+19
1.556700e+02	1.571202e+02	1.459857e-01	9.087156e+18	5.795414e+19
1.566700e+02	1.571233e+02	1.402042e-01	8.726684e+18	5.565512e+19
1.576700e+02	1.571263e+02	1.345543e-01	8.374450e+18	5.340865e+19
1.586700e+02	1.571295e+02	1.290354e-01	8.030430e+18	5.121456e+19
1.596700e+02	1.571326e+02	1.236474e-01	7.694602e+18	4.907272e+19
1.606700e+02	1.571358e+02	1.183898e-01	7.366943e+18	4.698298e+19
1.616700e+02	1.571391e+02	1.132623e-01	7.047431e+18	4.494519e+19
1.626700e+02	1.571425e+02	1.082646e-01	6.736043e+18	4.295923e+19
1.636700e+02	1.571459e+02	1.033964e-01	6.432756e+18	4.102493e+19
1.646700e+02	1.571495e+02	9.865734e-02	6.137548e+18	3.914215e+19
1.656700e+02	1.571531e+02	9.404706e-02	5.850397e+18	3.731076e+19
1.666700e+02	1.571568e+02	8.956524e-02	5.571278e+18	3.553060e+19
1.676700e+02	1.571607e+02	8.521156e-02	5.300171e+18	3.380154e+19
1.686700e+02	1.571646e+02	8.098567e-02	5.037052e+18	3.212342e+19
1.696700e+02	1.571687e+02	7.688726e-02	4.781899e+18	3.049611e+19
1.706700e+02	1.571729e+02	7.291598e-02	4.534689e+18	2.891946e+19
1.716700e+02	1.571772e+02	6.907150e-02	4.295400e+18	2.739333e+19
1.726700e+02	1.571817e+02	6.535350e-02	4.064009e+18	2.591757e+19
1.736700e+02	1.571864e+02	6.176163e-02	3.840492e+18	2.449204e+19
1.746700e+02	1.571912e+02	5.829557e-02	3.624829e+18	2.311659e+19
1.756700e+02	1.571961e+02	5.495499e-02	3.416995e+18	2.179108e+19
1.766700e+02	1.572013e+02	5.173955e-02	3.216969e+18	2.051536e+19
1.776700e+02	1.572066e+02	4.864891e-02	3.024728e+18	1.928930e+19
1.786700e+02	1.572121e+02	4.568276e-02	2.840249e+18	1.811274e+19
1.796700e+02	1.572178e+02	4.284074e-02	2.663509e+18	1.698555e+19
1.806700e+02	1.572237e+02	4.012254e-02	2.494487e+18	1.590758e+19
1.816700e+02	1.572299e+02	3.752782e-02	2.333159e+18	1.487868e+19
1.826700e+02	1.572362e+02	3.505625e-02	2.179502e+18	1.389871e+19
1.836700e+02	1.572428e+02	3.270749e-02	2.033495e+18	1.296753e+19
1.846700e+02	1.572496e+02	3.048121e-02	1.895114e+18	1.208499e+19
1.856700e+02	1.572566e+02	2.837709e-02	1.764337e+18	1.125095e+19
1.866700e+02	1.572639e+02	2.639478e-02	1.641142e+18	1.046526e+19
1.876700e+02	1.572715e+02	2.453396e-02	1.525505e+18	9.727780e+18
1.886700e+02	1.572793e+02	2.279429e-02	1.417404e+18	9.038369e+18
1.896700e+02	1.572874e+02	2.117544e-02	1.316817e+18	8.396879e+18
1.906700e+02	1.572957e+02	1.967708e-02	1.223720e+18	7.803166e+18
1.916700e+02	1.573044e+02	1.829888e-02	1.138092e+18	7.257087e+18
1.926700e+02	1.573133e+02	1.704050e-02	1.059909e+18	6.758497e+18
1.936700e+02	1.573225e+02	1.590161e-02	9.891496e+17	6.307252e+18
1.946700e+02	1.573321e+02	1.488188e-02	9.257903e+17	5.903208e+18
1.956700e+02	1.573419e+02	1.398098e-02	8.698088e+17	5.546220e+18
1.966700e+02	1.573521e+02	1.319857e-02	8.211823e+17	5.236146e+18
1.976700e+02	1.573626e+02	1.253432e-02	7.798885e+17	4.972839e+18
1.986700e+02	1.573734e+02	1.198790e-02	7.459045e+17	4.756157e+18
1.996700e+02	1.573846e+02	1.155898e-02	7.192078e+17	4.585956e+18
2.006700e+02	1.573961e+02	1.124722e-02	6.997759e+17	4.462090e+18
2.016700e+02	1.574120e+02	1.102660e-02	6.859931e+17	4.374256e+18
2.026700e+02	1.574450e+02	1.081437e-02	6.727302e+17	4.289737e+18
2.036700e+02	1.574958e+02	1.060428e-02	6.596001e+17	4.206065e+18
2.046700e+02	1.575640e+02	1.039634e-02	6.466029e+17	4.123239e+18
2.056700e+02	1.576494e+02	1.019054e-02	6.337384e+17	4.041259e+18
2.066700e+02	1.577516e+02	9.986888e-03	6.210067e+17	3.960125e+18
2.076700e+02	1.578703e+02	9.785376e-03	6.084077e+17	3.879837e+18
2.086700e+02	1.580053e+02	9.586004e-03	5.959413e+17	3.800394e+18
2.096700e+02	1.581561e+02	9.388772e-03	5.836075e+17	3.721796e+18
2.106700e+02	1.583225e+02	9.193677e-03	5.714063e+17	3.644043e+18
2.116700e+02	1.585042e+02	9.000717e-03	5.593376e+17	3.567133e+18
2.126700e+02	1.587009e+02	8.809893e-03	5.474013e+17	3.491068e+18
2.136700e+02	1.589122e+02	8.621201e-03	5.355974e+17	3.415847e+18
2.146700e+02	1.591378e+02	8.434641e-03	5.239259e+17	3.341469e+18
2.156700e+02	1.593774e+02	8.250212e-03	5.123867e+17	3.267934e+18
2.166700e+02	1.596308e+02	8.067911e-03	5.009797e+17	3.195242e+18
2.176700e+02	1.598975e+02	7.887738e-03	4.897050e+17	3.123392e+18
2.186700e+02	1.601773e+02	7.709691e-03	4.785624e+17	3.052385e+18
2.196700e+02	1.604699e+02	7.533768e-03	4.675519e+17	2.982219e+18
2.206700e+02	1.607750e+02	7.359968e-03	4.566734e+17	2.912895e+18
2.216700e+02	1.610922e+02	7.188290e-03	4.459270e+17	2.844412e+18
2.226700e+02	1.614212e+02	7.018733e-03	4.353125e+17	2.776770e+18
2.236700e+02	1.617617e+02	6.851294e-03	4.248300e+17	2.709969e+18
2.246700e+02	1.621135e+02	6.685972e-03	4.144793e+17	2.644008e+18
2.256700e+02	1.624761e+02	6.522767e-03	4.042604e+17	2.578887e+18
2.266700e+02	1.628493e+02	6.361676e-03	3.941733e+17	2.514606e+18
2.276700e+02	1.632328e+02	6.202698e-03	3.842179e+17	2.451164e+18
2.286700e+02	1.636263e+02	6.045832e-03	3.743942e+17	2.388561e+18
2.296700e+02	1.640293e+02	5.891076e-03	3.647021e+17	2.326797e+18
2.306700e+02	1.644418e+02	5.738428e-03	3.551416e+17	2.265871e+18
2.316700e+02	1.648632e+02	5.587889e-03	3.457126e+17	2.205784e+18
2.326700e+02	1.652933e+02	5.439455e-03	3.364150e+17	2.146534e+18
2.336700e+02	1.657318e+02	5.293125e-03	3.272489e+17	2.088122e+18
2.346700e+02	1.661784e+02	5.148899e-03	3.182142e+17	2.030547e+18
2.356700e+02	1.666328e+02	5.006774e-03	3.093108e+17	1.973809e+18
2.366700e+02	1.670946e+02	4.866750e-03	3.005387e+17	1.917907e+18
2.376700e+02	1.675636e+02	4.728825e-03	2.918978e+17	1.862842e+18
2.386700e+02	1.680394e+02	4.592996e-03	2.833881e+17	1.808613e+18
2.396700e+02	1.685217e+02	4.459264e-03	2.750095e+17	1.755219e+18
2.406700e+02	1.690102e+02	4.327626e-03	2.667620e+17	1.702661e+18
2.416700e+02	1.695045e+02	4.198081e-03	2.586455e+17	1.650938e+18
2.426700e+02	1.700045e+02	4.070628e-03	2.506600e+17	1.600050e+18
2.436700e+02	1.705097e+02	3.945266e-03	2.428055e+17	1.549996e+18
2.446700e+02	1.710199e+02	3.821991e-03	2.350818e+17	1.500776e+18
2.456700e+02	1.715347e+02	3.700805e-03	2.274890e+17	1.452390e+18
2.466700e+02	1.720539e+02	3.581704e-03	2.200270e+17	1.404838e+18
2.476700e+02	1.725770e+02	3.464688e-03	2.126957e+17	1.358118e+18
2.486700e+02	1.731039e+02	3.349754e-03	2.054951e+17	1.312232e+18
2.496700e+02	1.736341e+02	3.236903e-03	1.984252e+17	1.267178e+18
2.506700e+02	1.741675e+02	3.126131e-03	1.914858e+17	1.222956e+18
2.516700e+02	1.747036e+02	3.017438e-03	1.846770e+17	1.179567e+18
2.526700e+02	1.752421e+02	2.910823e-03	1.779987e+17	1.137009e+18
2.536700e+02	1.757828e+02	2.806283e-03	1.714509e+17	1.095282e+18
2.546700e+02	1.763252e+02	2.703818e-03	1.650334e+17	1.054386e+18
2.556700e+02	1.768693e+02	2.603426e-03	1.587463e+17	1.014321e+18
2.566700e+02	1.774145e+02	2.505106e-03	1.525895e+17	9.750870e+17
2.576700e+02	1.779605e+02	2.408856e-03	1.465630e+17	9.366826e+17
2.586700e+02	1.785072e+02	2.314675e-03	1.406667e+17	8.991080e+17
2.596700e+02	1.790541e+02	2.222560e-03	1.349005e+17	8.623628e+17
2.606700e+02	1.796010e+02	2.132512e-03	1.292644e+17	8.264469e+17
2.616700e+02	1.801475e+02	2.044528e-03	1.237584e+17	7.913598e+17
2.626700e+02	1.806933e+02	1.958608e-03	1.183824e+17	7.571012e+17
2.636700e+02	1.812382e+02	1.874748e-03	1.131363e+17	7.236710e+17
2.646700e+02	1.817817e+02	1.792949e-03	1.080202e+17	6.910686e+17
2.656700e+02	1.823236e+02	1.713209e-03	1.030339e+17	6.592939e+17
2.666700e+02	1.828636e+02	1.635526e-03	9.817748e+16	6.283465e+17
2.676700e+02	1.834014e+02	1.559899e-03	9.345079e+16	5.982261e+17
2.686700e+02	1.839366e+02	1.486326e-03	8.885382e+16	5.689324e+17
2.696700e+02	1.844689e+02	1.414807e-03	8.438652e+16	5.404650e+17
2.706700e+02	1.849981e+02	1.345339e-03	8.004884e+16	5.128238e+17
2.716700e+02	1.855237e+02	1.277921e-03	7.584073e+16	4.860083e+17
2.726700e+02	1.860456e+02	1.212552e-03	7.176214e+16	4.600183e+17
2.736700e+02	1.865633e+02	1.149230e-03	6.781303e+16	4.348535e+17
2.746700e+02	1.870766e+02	1.087954e-03	6.399334e+16	4.105135e+17
2.756700e+02	1.875852e+02	1.028722e-03	6.030302e+16	3.869980e+17
2.766700e+02	1.880887e+02	9.715332e-04	5.674204e+16	3.643068e+17
2.776700e+02	1.885868e+02	9.163862e-04	5.331033e+16	3.424394e+17
2.786700e+02	1.890793e+02	8.632792e-04	5.000785e+16	3.213957e+17
2.796700e+02	1.895658e+02	8.122109e-04	4.683455e+16	3.011753e+17
2.806700e+02	1.900459e+02	7.631799e-04	4.379038e+16	2.817778e+17
2.816700e+02	1.905195e+02	7.161848e-04	4.087530e+16	2.632031e+17
2.826700e+02	1.909861e+02	6.712241e-04	3.808925e+16	2.454507e+17
2.836700e+02	1.914455e+02	6.282963e-04	3.543219e+16	2.285203e+17
2.846700e+02	1.918973e+02	5.874001e-04	3.290406e+16	2.124118e+17
2.856700e+02	1.923412e+02	5.485340e-04	3.050482e+16	1.971246e+17
2.866700e+02	1.927770e+02	5.116966e-04	2.823442e+16	1.826586e+17
2.876700e+02	1.932042e+02	4.768864e-04	2.609281e+16	1.690134e+17
2.886700e+02	1.936227e+02	4.441021e-04	2.407994e+16	1.561887e+17
2.896700e+02	1.940320e+02	4.133421e-04	2.219577e+16	1.441843e+17
2.906700e+02	1.944319e+02	3.846052e-04	2.044024e+16	1.329997e+17
2.916700e+02	1.948221e+02	3.578897e-04	1.881330e+16	1.226347e+17
2.926700e+02	1.952022e+02	3.331944e-04	1.731491e+16	1.130890e+17
2.936700e+02	1.955719e+02	3.105177e-04	1.594502e+16	1.043623e+17
2.946700e+02	1.959310e+02	2.898583e-04	1.470358e+16	9.645417e+16
2.956700e+02	1.962790e+02	2.712147e-04	1.359054e+16	8.936443e+16
2.966700e+02	1.966158e+02	2.545854e-04	1.260584e+16	8.309274e+16
2.976700e+02	1.969409e+02	2.399691e-04	1.174945e+16	7.763877e+16
2.986700e+02	1.972541e+02	2.273643e-04	1.102132e+16	7.300222e+16
2.996700e+02	1.975550e+02	2.167696e-04	1.042139e+16	6.918279e+16
3.006700e+02	1.978434e+02	2.081836e-04	9.949614e+15	6.618016e+16
3.016700e+02	1.981189e+02	2.016001e-04	9.605647e+15	6.399211e+16
3.026700e+02	1.983819e+02	1.959454e-04	9.320191e+15	6.217794e+16
3.036700e+02	1.986332e+02	1.903981e-04	9.040221e+15	6.040035e+16
3.046700e+02	1.988736e+02	1.849576e-04	8.765714e+15	5.865906e+16
3.056700e+02	1.991035e+02	1.796236e-04	8.496645e+15	5.695382e+16
3.066700e+02	1.993236e+02	1.743957e-04	8.232988e+15	5.528434e+16
3.076700e+02	1.995346e+02	1.692733e-04	7.974720e+15	5.365038e+16
3.086700e+02	1.997370e+02	1.642561e-04	7.721815e+15	5.205165e+16
3.096700e+02	1.999314e+02	1.593436e-04	7.474249e+15	5.048788e+16
3.106700e+02	2.001185e+02	1.545354e-04	7.231998e+15	4.895882e+16
3.116700e+02	2.002989e+02	1.498310e-04	6.995036e+15	4.746420e+16
3.126700e+02	2.004732e+02	1.452299e-04	6.763340e+15	4.600374e+16
3.136700e+02	2.006420e+02	1.407318e-04	6.536883e+15	4.457718e+16
3.146700e+02	2.008060e+02	1.363363e-04	6.315643e+15	4.318425e+16
3.156700e+02	2.009656e+02	1.320427e-04	6.099593e+15	4.182468e+16
3.166700e+02	2.011217e+02	1.278508e-04	5.888710e+15	4.049820e+16
3.176700e+02	2.012747e+02	1.237601e-04	5.682969e+15	3.920455e+16
3.186700e+02	2.014252e+02	1.197701e-04	5.482345e+15	3.794346e+16
3.196700e+02	2.015740e+02	1.158804e-04	5.286813e+15	3.671467e+16
3.206700e+02	2.017216e+02	1.120906e-04	5.096349e+15	3.551789e+16
3.216700e+02	2.018687e+02	1.084002e-04	4.910928e+15	3.435287e+16
3.226700e+02	2.020157e+02	1.048087e-04	4.730526e+15	3.321934e+16
3.236700e+02	2.021635e+02	1.013158e-04	4.555118e+15	3.211703e+16
3.246700e+02	2.023125e+02	9.792097e-05	4.384679e+15	3.104567e+16
3.256700e+02	2.024634e+02	9.462380e-05	4.219184e+15	3.000499e+16
3.266700e+02	2.026168e+02	9.142383e-05	4.058609e+15	2.899473e+16
3.276700e+02	2.027734e+02	8.832063e-05	3.902930e+15	2.801462e+16
3.286700e+02	2.029336e+02	8.531376e-05	3.752121e+15	2.706439e+16
3.296700e+02	2.030982e+02	8.240277e-05	3.606158e+15	2.614377e+16
3.306700e+02	2.032678e+02	7.958722e-05	3.465016e+15	2.525250e+16
3.316700e+02	2.034430e+02	7.686668e-05	3.328671e+15	2.439031e+16
3.326700e+02	2.036244e+02	7.424070e-05	3.197098e+15	2.355692e+16
3.336700e+02	2.038125e+02	7.170884e-05	3.070273e+15	2.275208e+16
3.346700e+02	2.040081e+02	6.927066e-05	2.948169e+15	2.197551e+16
3.356700e+02	2.042118e+02	6.692573e-05	2.830764e+15	2.122694e+16
3.366700e+02	2.044241e+02	6.467358e-05	2.718033e+15	2.050611e+16
3.376700e+02	2.046456e+02	6.251380e-05	2.609950e+15	1.981276e+16
3.386700e+02	2.048771e+02	6.044593e-05	2.506491e+15	1.914660e+16
3.396700e+02	2.051190e+02	5.846953e-05	2.407632e+15	1.850738e+16
3.406700e+02	2.053721e+02	5.658417e-05	2.313347e+15	1.789483e+16
3.416700e+02	2.056369e+02	5.478940e-05	2.223612e+15	1.730868e+16
3.426700e+02	2.059140e+02	5.308478e-05	2.138403e+15	1.674865e+16
3.436700e+02	2.062041e+02	5.146987e-05	2.057695e+15	1.621449e+16
3.446700e+02	2.065078e+02	4.994423e-05	1.981463e+15	1.570593e+16
3.456700e+02	2.068256e+02	4.850742e-05	1.909682e+15	1.522269e+16
3.466700e+02	2.071583e+02	4.715899e-05	1.842328e+15	1.476452e+16
3.476700e+02	2.075064e+02	4.589851e-05	1.779377e+15	1.433113e+16
3.486700e+02	2.078705e+02	4.472553e-05	1.720803e+15	1.392227e+16
3.496700e+02	2.082513e+02	4.363962e-05	1.666581e+15	1.353767e+16
3.506700e+02	2.086673e+02	4.263558e-05	1.616436e+15	1.317573e+16
3.516700e+02	2.093084e+02	4.166219e-05	1.567651e+15	1.282211e+16
3.526700e+02	2.102178e+02	4.070563e-05	1.519503e+15	1.247303e+16
3.536700e+02	2.113857e+02	3.976584e-05	1.472005e+15	1.212857e+16
3.546700e+02	2.128025e+02	3.884282e-05	1.425168e+15	1.178880e+16
3.556700e+02	2.144583e+02	3.793651e-05	1.379003e+15	1.145380e+16
3.566700e+02	2.163437e+02	3.704690e-05	1.333523e+15	1.112364e+16
3.576700e+02	2.184487e+02	3.617394e-05	1.288739e+15	1.079840e+16
3.586700e+02	2.207638e+02	3.531760e-05	1.244662e+15	1.047815e+16
3.596700e+02	2.232793e+02	3.447786e-05	1.201305e+15	1.016298e+16
3.606700e+02	2.259854e+02	3.365467e-05	1.158679e+15	9.852949e+15
3.616700e+02	2.288725e+02	3.284801e-05	1.116796e+15	9.548144e+15
3.626700e+02	2.319309e+02	3.205785e-05	1.075668e+15	9.248639e+15
3.636700e+02	2.351508e+02	3.128415e-05	1.035305e+15	8.954509e+15
3.646700e+02	2.385226e+02	3.052687e-05	9.957200e+14	8.665831e+15
3.656700e+02	2.420366e+02	2.978599e-05	9.569246e+14	8.382679e+15
3.666700e+02	2.456831e+02	2.906148e-05	9.189303e+14	8.105132e+15
3.676700e+02	2.494523e+02	2.835330e-05	8.817489e+14	7.833263e+15
3.686700e+02	2.533346e+02	2.766141e-05	8.453919e+14	7.567150e+15
3.696700e+02	2.573204e+02	2.698579e-05	8.098711e+14	7.306869e+15
3.706700e+02	2.613998e+02	2.632641e-05	7.751982e+14	7.052495e+15
3.716700e+02	2.655632e+02	2.568323e-05	7.413847e+14	6.804105e+15
3.726700e+02	2.698009e+02	2.505621e-05	7.084425e+14	6.561774e+15
3.736700e+02	2.741033e+02	2.444534e-05	6.763831e+14	6.325579e+15
3.746700e+02	2.784605e+02	2.385056e-05	6.452183e+14	6.095596e+15
3.756700e+02	2.828630e+02	2.327186e-05	6.149597e+14	5.871900e+15
3.766700e+02	2.873009e+02	2.270920e-05	5.856190e+14	5.654568e+15
3.776700e+02	2.917647e+02	2.216254e-05	5.572079e+14	5.443675e+15
3.786700e+02	2.962446e+02	2.163186e-05	5.297381e+14	5.239299e+15
3.796700e+02	3.007310e+02	2.111712e-05	5.032212e+14	5.041514e+15
3.806700e+02	3.052141e+02	2.061828e-05	4.776689e+14	4.850397e+15
3.816700e+02	3.096842e+02	2.013533e-05	4.530928e+14	4.666024e+15
3.826700e+02	3.141317e+02	1.966821e-05	4.295048e+14	4.488470e+15
3.836700e+02	3.185468e+02	1.921691e-05	4.069164e+14	4.317813e+15
3.846700e+02	3.229198e+02	1.878139e-05	3.853393e+14	4.154128e+15
3.856700e+02	3.272411e+02	1.836161e-05	3.647851e+14	3.997490e+15
3.866700e+02	3.315010e+02	1.795755e-05	3.452657e+14	3.847977e+15
3.876700e+02	3.356897e+02	1.756917e-05	3.267926e+14	3.705664e+15
3.886700e+02	3.397976e+02	1.719643e-05	3.093775e+14	3.570626e+15
3.896700e+02	3.438150e+02	1.683932e-05	2.930321e+14	3.442941e+15
3.906700e+02	3.477321e+02	1.649778e-05	2.777681e+14	3.322684e+15
3.916700e+02	3.515393e+02	1.617180e-05	2.635971e+14	3.209931e+15
3.926700e+02	3.552269e+02	1.586134e-05	2.505309e+14	3.104758e+15
3.936700e+02	3.587851e+02	1.556636e-05	2.385811e+14	3.007242e+15
3.946700e+02	3.622044e+02	1.528684e-05	2.277593e+14	2.917457e+15
3.956700e+02	3.654749e+02	1.502274e-05	2.180773e+14	2.835481e+15
3.966700e+02	3.685870e+02	1.477402e-05	2.095468e+14	2.761390e+15
3.976700e+02	3.715311e+02	1.454067e-05	2.021793e+14	2.695258e+15
3.986700e+02	3.742973e+02	1.432263e-05	1.959867e+14	2.637163e+15
3.996700e+02	3.768760e+02	1.411989e-05	1.909805e+14	2.587181e+15
4.006700e+02	3.792702e+02	1.393151e-05	1.870929e+14	2.544859e+15
4.016700e+02	3.816079e+02	1.374781e-05	1.834809e+14	2.504598e+15
4.026700e+02	3.839253e+02	1.356617e-05	1.799146e+14	2.464870e+15
4.036700e+02	3.862226e+02	1.338658e-05	1.763938e+14	2.425670e+15
4.046700e+02	3.885000e+02	1.320902e-05	1.729181e+14	2.386996e+15
4.056700e+02	3.907578e+02	1.303350e-05	1.694875e+14	2.348843e+15
4.066700e+02	3.929961e+02	1.285999e-05	1.661015e+14	2.311207e+15
4.076700e+02	3.952153e+02	1.268849e-05	1.627602e+14	2.274085e+15
4.086700e+02	3.974155e+02	1.251898e-05	1.594630e+14	2.237472e+15
4.096700e+02	3.995969e+02	1.235145e-05	1.562100e+14	2.201366e+15
4.106700e+02	4.017599e+02	1.218590e-05	1.530007e+14	2.165761e+15
4.116700e+02	4.039045e+02	1.202230e-05	1.498351e+14	2.130655e+15
4.126700e+02	4.060311e+02	1.186066e-05	1.467128e+14	2.096044e+15
4.136700e+02	4.081399e+02	1.170096e-05	1.436335e+14	2.061923e+15
4.146700e+02	4.102310e+02	1.154318e-05	1.405972e+14	2.028289e+15
4.156700e+02	4.123048e+02	1.138732e-05	1.376035e+14	1.995137e+15
4.166700e+02	4.143614e+02	1.123337e-05	1.346522e+14	1.962466e+15
4.176700e+02	4.164012e+02	1.108131e-05	1.317431e+14	1.930269e+15
4.186700e+02	4.184242e+02	1.093114e-05	1.288760e+14	1.898544e+15
4.196700e+02	4.204307e+02	1.078284e-05	1.260505e+14	1.867287e+15
4.206700e+02	4.224210e+02	1.063640e-05	1.232665e+14	1.836494e+15
4.216700e+02	4.243953e+02	1.049182e-05	1.205238e+14	1.806160e+15
4.226700e+02	4.263538e+02	1.034907e-05	1.178221e+14	1.776284e+15
4.236700e+02	4.282968e+02	1.020815e-05	1.151611e+14	1.746859e+15
4.246700e+02	4.302244e+02	1.006905e-05	1.125407e+14	1.717883e+15
4.256700e+02	4.321369e+02	9.931753e-06	1.099605e+14	1.689352e+15
4.266700e+02	4.340346e+02	9.796255e-06	1.074205e+14	1.661263e+15
4.276700e+02	4.359176e+02	9.662542e-06	1.049202e+14	1.633610e+15
4.286700e+02	4.377861e+02	9.530602e-06	1.024596e+14	1.606391e+15
4.296700e+02	4.396405e+02	9.400425e-06	1.000383e+14	1.579601e+15
4.306700e+02	4.414809e+02	9.271999e-06	9.765619e+13	1.553237e+15
4.316700e+02	4.433076e+02	9.145315e-06	9.531296e+13	1.527295e+15
4.326700e+02	4.451207e+02	9.020360e-06	9.300838e+13	1.501771e+15
4.336700e+02	4.469206e+02	8.897123e-06	9.074223e+13	1.476661e+15
4.346700e+02	4.487074e+02	8.775595e-06	8.851428e+13	1.451962e+15
4.356700e+02	4.504814e+02	8.655763e-06	8.632429e+13	1.427669e+15
4.366700e+02	4.522428e+02	8.537616e-06	8.417202e+13	1.403779e+15
4.376700e+02	4.539918e+02	8.421144e-06	8.205725e+13	1.380288e+15
4.386700e+02	4.557286e+02	8.306336e-06	7.997974e+13	1.357193e+15
4.396700e+02	4.574536e+02	8.193180e-06	7.793924e+13	1.334489e+15
4.406700e+02	4.591668e+02	8.081665e-06	7.593554e+13	1.312172e+15
4.416700e+02	4.608686e+02	7.971782e-06	7.396839e+13	1.290239e+15
4.426700e+02	4.625591e+02	7.863517e-06	7.203757e+13	1.268686e+15
4.436700e+02	4.642386e+02	7.756861e-06	7.014283e+13	1.247509e+15
4.446700e+02	4.659074e+02	7.651802e-06	6.828395e+13	1.226704e+15
4.456700e+02	4.675655e+02	7.548330e-06	6.646068e+13	1.206268e+15
4.466700e+02	4.692134e+02	7.446433e-06	6.467280e+13	1.186197e+15
4.476700e+02	4.708511e+02	7.346101e-06	6.292007e+13	1.166486e+15
4.486700e+02	4.724790e+02	7.247321e-06	6.120225e+13	1.147132e+15
4.496700e+02	4.740972e+02	7.150084e-06	5.951912e+13	1.128131e+15
4.506700e+02	4.757060e+02	7.054379e-06	5.787043e+13	1.109480e+15
4.516700e+02	4.773056e+02	6.960193e-06	5.625596e+13	1.091175e+15
4.526700e+02	4.788962e+02	6.867517e-06	5.467547e+13	1.073211e+15
4.536700e+02	4.804781e+02	6.776339e-06	5.312873e+13	1.055585e+15
4.546700e+02	4.820515e+02	6.686648e-06	5.161549e+13	1.038293e+15
4.556700e+02	4.836166e+02	6.598433e-06	5.013554e+13	1.021331e+15
4.566700e+02	4.851737e+02	6.511684e-06	4.868862e+13	1.004696e+15
4.576700e+02	4.867229e+02	6.426388e-06	4.727452e+13	9.883831e+14
4.586700e+02	4.882645e+02	6.342536e-06	4.589299e+13	9.723893e+14
4.596700e+02	4.897987e+02	6.260116e-06	4.454380e+13	9.567105e+14
4.606700e+02	4.913258e+02	6.179116e-06	4.322672e+13	9.413429e+14
4.616700e+02	4.928460e+02	6.099527e-06	4.194151e+13	9.262826e+14
4.626700e+02	4.943594e+02	6.021337e-06	4.068794e+13	9.115259e+14
4.636700e+02	4.958664e+02	5.944535e-06	3.946577e+13	8.970689e+14
4.646700e+02	4.973672e+02	5.869109e-06	3.827478e+13	8.829077e+14
4.656700e+02	4.988620e+02	5.795050e-06	3.711471e+13	8.690387e+14
4.666700e+02	5.003509e+02	5.722345e-06	3.598536e+13	8.554579e+14
4.676700e+02	5.018343e+02	5.650985e-06	3.488646e+13	8.421616e+14
4.686700e+02	5.033124e+02	5.580957e-06	3.381780e+13	8.291459e+14
4.696700e+02	5.047854e+02	5.512251e-06	3.277915e+13	8.164070e+14
4.706700e+02	5.062535e+02	5.444856e-06	3.177025e+13	8.039410e+14
4.716700e+02	5.077169e+02	5.378761e-06	3.079089e+13	7.917443e+14
4.726700e+02	5.091760e+02	5.313955e-06	2.984082e+13	7.798129e+14
4.736700e+02	5.106308e+02	5.250426e-06	2.891982e+13	7.681430e+14
4.746700e+02	5.120817e+02	5.188164e-06	2.802764e+13	7.567308e+14
4.756700e+02	5.135288e+02	5.127158e-06	2.716406e+13	7.455725e+14
4.766700e+02	5.149724e+02	5.067396e-06	2.632884e+13	7.346643e+14
4.776700e+02	5.164128e+02	5.008868e-06	2.552174e+13	7.240024e+14
4.786700e+02	5.178500e+02	4.951563e-06	2.474254e+13	7.135829e+14
4.796700e+02	5.192845e+02	4.895469e-06	2.399100e+13	7.034020e+14
4.806700e+02	5.207163e+02	4.840576e-06	2.326687e+13	6.934559e+14
4.816700e+02	5.221458e+02	4.786873e-06	2.256994e+13	6.837407e+14
4.826700e+02	5.235731e+02	4.734348e-06	2.189996e+13	6.742528e+14
4.836700e+02	5.249985e+02	4.682991e-06	2.125671e+13	6.649881e+14
4.846700e+02	5.264222e+02	4.632790e-06	2.063994e+13	6.559430e+14
4.856700e+02	5.278445e+02	4.583734e-06	2.004942e+13	6.471136e+14
4.866700e+02	5.292655e+02	4.535813e-06	1.948492e+13	6.384961e+14
4.876700e+02	5.306854e+02	4.489016e-06	1.894621e+13	6.300866e+14
4.886700e+02	5.321047e+02	4.443331e-06	1.843305e+13	6.218814e+14
4.896700e+02	5.335233e+02	4.398747e-06	1.794520e+13	6.138767e+14
4.906700e+02	5.349416e+02	4.355254e-06	1.748244e+13	6.060685e+14
4.916700e+02	5.363598e+02	4.312840e-06	1.704452e+13	5.984531e+14
4.926700e+02	5.377782e+02	4.271494e-06	1.663122e+13	5.910267e+14
4.936700e+02	5.391969e+02	4.231206e-06	1.624229e+13	5.837854e+14
4.946700e+02	5.406161e+02	4.191964e-06	1.587752e+13	5.767255e+14
4.956700e+02	5.420362e+02	4.153757e-06	1.553665e+13	5.698431e+14
4.966700e+02	5.434573e+02	4.116575e-06	1.521946e+13	5.631344e+14
4.976700e+02	5.448797e+02	4.080405e-06	1.492571e+13	5.565955e+14
4.986700e+02	5.463036e+02	4.045238e-06	1.465518e+13	5.502228e+14
4.996700e+02	5.477291e+02	4.011062e-06	1.440761e+13	5.440122e+14
5.006700e+02	5.491558e+02	3.977738e-06	1.417826e+13	5.379390e+14
5.016700e+02	5.505810e+02	3.944844e-06	1.395241e+13	5.319330e+14
5.026700e+02	5.520045e+02	3.912345e-06	1.372896e+13	5.259887e+14
5.036700e+02	5.534261e+02	3.880237e-06	1.350790e+13	5.201056e+14
5.046700e+02	5.548458e+02	3.848516e-06	1.328922e+13	5.142836e+14
5.056700e+02	5.562636e+02	3.817178e-06	1.307291e+13	5.085221e+14
5.066700e+02	5.576793e+02	3.786219e-06	1.285897e+13	5.028208e+14
5.076700e+02	5.590929e+02	3.755634e-06	1.264738e+13	4.971794e+14
5.086700e+02	5.605044e+02	3.725421e-06	1.243814e+13	4.915975e+14
5.096700e+02	5.619136e+02	3.695574e-06	1.223123e+13	4.860747e+14
5.106700e+02	5.633204e+02	3.666090e-06	1.202666e+13	4.806106e+14
5.116700e+02	5.647249e+02	3.636964e-06	1.182440e+13	4.752049e+14
5.126700e+02	5.661270e+02	3.608193e-06	1.162446e+13	4.698572e+14
5.136700e+02	5.675265e+02	3.579773e-06	1.142682e+13	4.645672e+14
5.146700e+02	5.689234e+02	3.551700e-06	1.123148e+13	4.593345e+14
5.156700e+02	5.703176e+02	3.523969e-06	1.103842e+13	4.541586e+14
5.166700e+02	5.717091e+02	3.496576e-06	1.084764e+13	4.490393e+14
5.176700e+02	5.730978e+02	3.469518e-06	1.065913e+13	4.439763e+14
5.186700e+02	5.744836e+02	3.442791e-06	1.047288e+13	4.389690e+14
5.196700e+02	5.758665e+02	3.416390e-06	1.028888e+13	4.340171e+14
5.206700e+02	5.772463e+02	3.390311e-06	1.010713e+13	4.291204e+14
5.216700e+02	5.786230e+02	3.364551e-06	9.927616e+12	4.242784e+14
5.226700e+02	5.799966e+02	3.339105e-06	9.750327e+12	4.194907e+14
5.236700e+02	5.813670e+02	3.313969e-06	9.575256e+12	4.147570e+14
5.246700e+02	5.827340e+02	3.289139e-06	9.402395e+12	4.100769e+14
5.256700e+02	5.840977e+02	3.264612e-06	9.231735e+12	4.054501e+14
5.266700e+02	5.854579e+02	3.240383e-06	9.063269e+12	4.008762e+14
5.276700e+02	5.868146e+02	3.216447e-06	8.896986e+12	3.963547e+14
5.286700e+02	5.881678e+02	3.192802e-06	8.732880e+12	3.918854e+14
5.296700e+02	5.895172e+02	3.169443e-06	8.570941e+12	3.874680e+14
5.306700e+02	5.908630e+02	3.146366e-06	8.411160e+12	3.831019e+14
5.316700e+02	5.922049e+02	3.123567e-06	8.253530e+12	3.787869e+14
5.326700e+02	5.935430e+02	3.101042e-06	8.098042e+12	3.745225e+14
5.336700e+02	5.948772e+02	3.078787e-06	7.944687e+12	3.703085e+14
5.346700e+02	5.962073e+02	3.056798e-06	7.793456e+12	3.661444e+14
5.356700e+02	5.975334e+02	3.035070e-06	7.644342e+12	3.620299e+14
5.366700e+02	5.988553e+02	3.013600e-06	7.497335e+12	3.579647e+14
5.376700e+02	6.001730e+02	2.992384e-06	7.352428e+12	3.539483e+14
5.386700e+02	6.014864e+02	2.971418e-06	7.209611e+12	3.499803e+14
5.396700e+02	6.027955e+02	2.950698e-06	7.068876e+12	3.460605e+14
5.406700e+02	6.041001e+02	2.930219e-06	6.930215e+12	3.421885e+14
5.416700e+02	6.054002e+02	2.909977e-06	6.793619e+12	3.383638e+14
5.426700e+02	6.066958e+02	2.889970e-06	6.659079e+12	3.345861e+14
5.436700e+02	6.079867e+02	2.870192e-06	6.526587e+12	3.308551e+14
5.446700e+02	6.092729e+02	2.850639e-06	6.396135e+12	3.271704e+14
5.456700e+02	6.105543e+02	2.831308e-06	6.267713e+12	3.235316e+14
5.466700e+02	6.118309e+02	2.812194e-06	6.141314e+12	3.199384e+14
5.476700e+02	6.131025e+02	2.793293e-06	6.016929e+12	3.163903e+14
5.486700e+02	6.143692e+02	2.774602e-06	5.894550e+12	3.128871e+14
5.496700e+02	6.156307e+02	2.756117e-06	5.774167e+12	3.094283e+14
5.506700e+02	6.168872e+02	2.737832e-06	5.655772e+12	3.060136e+14
5.516700e+02	6.181385e+02	2.719745e-06	5.539357e+12	3.026426e+14
5.526700e+02	6.193844e+02	2.701851e-06	5.424914e+12	2.993150e+14
5.536700e+02	6.206251e+02	2.684146e-06	5.312433e+12	2.960303e+14
5.546700e+02	6.218603e+02	2.666627e-06	5.201906e+12	2.927883e+14
5.556700e+02	6.230900e+02	2.649288e-06	5.093326e+12	2.895886e+14
5.566700e+02	6.243142e+02	2.632127e-06	4.986682e+12	2.864307e+14
5.576700e+02	6.255327e+02	2.615138e-06	4.881967e+12	2.833143e+14
5.586700e+02	6.267456e+02	2.598319e-06	4.779172e+12	2.802391e+14
5.596700e+02	6.279527e+02	2.581664e-06	4.678288e+12	2.772047e+14
5.606700e+02	6.291539e+02	2.565170e-06	4.579308e+12	2.742107e+14
5.616700e+02	6.303493e+02	2.548834e-06	4.482222e+12	2.712568e+14
5.626700e+02	6.315386e+02	2.532650e-06	4.387022e+12	2.683425e+14
5.636700e+02	6.327219e+02	2.516615e-06	4.293700e+12	2.654676e+14
5.646700e+02	6.338991e+02	2.500725e-06	4.202247e+12	2.626316e+14
5.656700e+02	6.350701e+02	2.484975e-06	4.112654e+12	2.598342e+14
5.666700e+02	6.362349e+02	2.469362e-06	4.024913e+12	2.570750e+14
5.676700e+02	6.373933e+02	2.453882e-06	3.939015e+12	2.543537e+14
5.686700e+02	6.385453e+02	2.438530e-06	3.854953e+12	2.516699e+14
5.696700e+02	6.396908e+02	2.423303e-06	3.772716e+12	2.490232e+14
5.706700e+02	6.408298e+02	2.408197e-06	3.692298e+12	2.464132e+14
5.716700e+02	6.419622e+02	2.393207e-06	3.613688e+12	2.438397e+14
5.726700e+02	6.430879e+02	2.378330e-06	3.536880e+12	2.413021e+14
5.736700e+02	6.442069e+02	2.363561e-06	3.461864e+12	2.388003e+14
5.746700e+02	6.453190e+02	2.348896e-06	3.388631e+12	2.363337e+14
5.756700e+02	6.464243e+02	2.334332e-06	3.317174e+12	2.339020e+14
5.766700e+02	6.475225e+02	2.319864e-06	3.247483e+12	2.315049e+14
5.776700e+02	6.486138e+02	2.305489e-06	3.179551e+12	2.291420e+14
5.786700e+02	6.496979e+02	2.291202e-06	3.113368e+12	2.268129e+14
5.796700e+02	6.507749e+02	2.276999e-06	3.048926e+12	2.245172e+14
5.806700e+02	6.518446e+02	2.262876e-06	2.986217e+12	2.222547e+14
5.816700e+02	6.529070e+02	2.248829e-06	2.925232e+12	2.200248e+14
5.826700e+02	6.539620e+02	2.234855e-06	2.865962e+12	2.178273e+14
5.836700e+02	6.550095e+02	2.220948e-06	2.808399e+12	2.156619e+14
5.846700e+02	6.560495e+02	2.207106e-06	2.752535e+12	2.135280e+14
5.856700e+02	6.570820e+02	2.193323e-06	2.698361e+12	2.114254e+14
5.866700e+02	6.581067e+02	2.179597e-06	2.645868e+12	2.093537e+14
5.876700e+02	6.591237e+02	2.165922e-06	2.595049e+12	2.073125e+14
5.886700e+02	6.601330e+02	2.152296e-06	2.545893e+12	2.053014e+14
5.896700e+02	6.611343e+02	2.138713e-06	2.498393e+12	2.033202e+14
5.906700e+02	6.621277e+02	2.125170e-06	2.452541e+12	2.013684e+14
5.916700e+02	6.631130e+02	2.111663e-06	2.408328e+12	1.994456e+14
5.926700e+02	6.640903e+02	2.098188e-06	2.365745e+12	1.975515e+14
5.936700e+02	6.650594e+02	2.084740e-06	2.324783e+12	1.956858e+14
5.946700e+02	6.660203e+02	2.071316e-06	2.285435e+12	1.938480e+14
5.956700e+02	6.669729e+02	2.057912e-06	2.247691e+12	1.920378e+14
5.966700e+02	6.679171e+02	2.044523e-06	2.211544e+12	1.902548e+14
5.976700e+02	6.688528e+02	2.031146e-06	2.176984e+12	1.884987e+14
5.986700e+02	6.697801e+02	2.017777e-06	2.144004e+12	1.867691e+14
5.996700e+02	6.706987e+02	2.004411e-06	2.112594e+12	1.850656e+14
6.006700e+02	6.716081e+02	1.991075e-06	2.082459e+12	1.833852e+14
6.016700e+02	6.725060e+02	1.977865e-06	2.052672e+12	1.817190e+14
6.026700e+02	6.733926e+02	1.964786e-06	2.023164e+12	1.800663e+14
6.036700e+02	6.742681e+02	1.951836e-06	1.993932e+12	1.784271e+14
6.046700e+02	6.751327e+02	1.939013e-06	1.964977e+12	1.768013e+14
6.056700e+02	6.759867e+02	1.926314e-06	1.936297e+12	1.751889e+14
6.066700e+02	6.768303e+02	1.913739e-06	1.907894e+12	1.735898e+14
6.076700e+02	6.776638e+02	1.901285e-06	1.879765e+12	1.720038e+14
6.086700e+02	6.784874e+02	1.888950e-06	1.851911e+12	1.704311e+14
6.096700e+02	6.793013e+02	1.876731e-06	1.824330e+12	1.688715e+14
6.106700e+02	6.801058e+02	1.864627e-06	1.797022e+12	1.673249e+14
6.116700e+02	6.809012e+02	1.852636e-06	1.769987e+12	1.657913e+14
6.126700e+02	6.816876e+02	1.840756e-06	1.743225e+12	1.642707e+14
6.136700e+02	6.824653e+02	1.828984e-06	1.716733e+12	1.627629e+14
6.146700e+02	6.832346e+02	1.817319e-06	1.690513e+12	1.612680e+14
6.156700e+02	6.839957e+02	1.805758e-06	1.664562e+12	1.597859e+14
6.166700e+02	6.847488e+02	1.794300e-06	1.638882e+12	1.583164e+14
6.176700e+02	6.854941e+02	1.782942e-06	1.613470e+12	1.568596e+14
6.186700e+02	6.862320e+02	1.771683e-06	1.588328e+12	1.554154e+14
6.196700e+02	6.869626e+02	1.760521e-06	1.563453e+12	1.539837e+14
6.206700e+02	6.876862e+02	1.749452e-06	1.538846e+12	1.525645e+14
6.216700e+02	6.884031e+02	1.738476e-06	1.514505e+12	1.511577e+14
6.226700e+02	6.891134e+02	1.727590e-06	1.490431e+12	1.497632e+14
6.236700e+02	6.898175e+02	1.716793e-06	1.466622e+12	1.483811e+14
6.246700e+02	6.905155e+02	1.706082e-06	1.443079e+12	1.470112e+14
6.256700e+02	6.912077e+02	1.695455e-06	1.419800e+12	1.456535e+14
6.266700e+02	6.918943e+02	1.684910e-06	1.396786e+12	1.443079e+14
6.276700e+02	6.925757e+02	1.674445e-06	1.374034e+12	1.429743e+14
6.286700e+02	6.932519e+02	1.664058e-06	1.351546e+12	1.416528e+14
6.296700e+02	6.939233e+02	1.653748e-06	1.329320e+12	1.403432e+14
6.306700e+02	6.945901e+02	1.643511e-06	1.307355e+12	1.390455e+14
6.316700e+02	6.952526e+02	1.633346e-06	1.285652e+12	1.377597e+14
6.326700e+02	6.959109e+02	1.623251e-06	1.264209e+12	1.364856e+14
6.336700e+02	6.965654e+02	1.613224e-06	1.243027e+12	1.352232e+14
6.346700e+02	6.972162e+02	1.603263e-06	1.222103e+12	1.339725e+14
6.356700e+02	6.978637e+02	1.593365e-06	1.201439e+12	1.327333e+14
6.366700e+02	6.985080e+02	1.583530e-06	1.181032e+12	1.315057e+14
6.376700e+02	6.991493e+02	1.573754e-06	1.160884e+12	1.302896e+14
6.386700e+02	6.997881e+02	1.564035e-06	1.140992e+12	1.290849e+14
6.396700e+02	7.004243e+02	1.554373e-06	1.121358e+12	1.278916e+14
6.406700e+02	7.010584e+02	1.544764e-06	1.101979e+12	1.267096e+14
6.416700e+02	7.016906e+02	1.535206e-06	1.082855e+12	1.255388e+14
6.426700e+02	7.023210e+02	1.525698e-06	1.063986e+12	1.243792e+14
6.436700e+02	7.029500e+02	1.516238e-06	1.045372e+12	1.232308e+14
6.446700e+02	7.035777e+02	1.506823e-06	1.027011e+12	1.220934e+14
6.456700e+02	7.042045e+02	1.497451e-06	1.008904e+12	1.209670e+14
6.466700e+02	7.048305e+02	1.488120e-06	9.910486e+11	1.198516e+14
6.476700e+02	7.054560e+02	1.478829e-06	9.734454e+11	1.187471e+14
6.486700e+02	7.060813e+02	1.469576e-06	9.560937e+11	1.176534e+14
6.496700e+02	7.067065e+02	1.460357e-06	9.389928e+11	1.165705e+14
6.506700e+02	7.073320e+02	1.451172e-06	9.221421e+11	1.154983e+14
6.516700e+02	7.079579e+02	1.442018e-06	9.055410e+11	1.144368e+14
6.526700e+02	7.085845e+02	1.432893e-06	8.891891e+11	1.133858e+14
6.536700e+02	7.092121e+02	1.423795e-06	8.730857e+11	1.123455e+14
6.546700e+02	7.098408e+02	1.414722e-06	8.572302e+11	1.113156e+14
6.556700e+02	7.104710e+02	1.405672e-06	8.416221e+11	1.102961e+14
6.566700e+02	7.111028e+02	1.396643e-06	8.262608e+11	1.092870e+14
6.576700e+02	7.117366e+02	1.387633e-06	8.111458e+11	1.082883e+14
6.586700e+02	7.123724e+02	1.378640e-06	7.962764e+11	1.072997e+14
6.596700e+02	7.130107e+02	1.369661e-06	7.816521e+11	1.063214e+14
6.606700e+02	7.136516e+02	1.360696e-06	7.672722e+11	1.053532e+14
6.616700e+02	7.142954e+02	1.351741e-06	7.531364e+11	1.043951e+14
6.626700e+02	7.149423e+02	1.342795e-06	7.392438e+11	1.034470e+14
6.636700e+02	7.155925e+02	1.333856e-06	7.255941e+11	1.025089e+14
6.646700e+02	7.162464e+02	1.324921e-06	7.121866e+11	1.015806e+14
6.656700e+02	7.169040e+02	1.315989e-06	6.990207e+11	1.006623e+14
6.666700e+02	7.175658e+02	1.307058e-06	6.860959e+11	9.975366e+13
6.676700e+02	7.182318e+02	1.298125e-06	6.734116e+11	9.885479e+13
6.686700e+02	7.189025e+02	1.289188e-06	6.609672e+11	9.796559e+13
6.696700e+02	7.195779e+02	1.280246e-06	6.487622e+11	9.708600e+13
6.706700e+02	7.202583e+02	1.271297e-06	6.367959e+11	9.621596e+13
6.716700e+02	7.209440e+02	1.262338e-06	6.250679e+11	9.535542e+13
6.726700e+02	7.216353e+02	1.253367e-06	6.135774e+11	9.450431e+13
6.736700e+02	7.223323e+02	1.244382e-06	6.023241e+11	9.366258e+13
6.746700e+02	7.230353e+02	1.235382e-06	5.913072e+11	9.283016e+13
6.756700e+02	7.237446e+02	1.226364e-06	5.805262e+11	9.200701e+13
6.766700e+02	7.244603e+02	1.217326e-06	5.699805e+11	9.119306e+13
6.776700e+02	7.251828e+02	1.208266e-06	5.596696e+11	9.038826e+13
6.786700e+02	7.259122e+02	1.199182e-06	5.495929e+11	8.959254e+13
6.796700e+02	7.266488e+02	1.190073e-06	5.397499e+11	8.880584e+13
6.806700e+02	7.273929e+02	1.180935e-06	5.301398e+11	8.802812e+13
6.816700e+02	7.281446e+02	1.171768e-06	5.207622e+11	8.725930e+13
6.826700e+02	7.289043e+02	1.162568e-06	5.116166e+11	8.649934e+13
6.836700e+02	7.296722e+02	1.153334e-06	5.027022e+11	8.574817e+13
6.846700e+02	7.304485e+02	1.144064e-06	4.940186e+11	8.500574e+13
6.856700e+02	7.312334e+02	1.134756e-06	4.855652e+11	8.427198e+13
6.866700e+02	7.320272e+02	1.125408e-06	4.773413e+11	8.354684e+13
6.876700e+02	7.328302e+02	1.116018e-06	4.693465e+11	8.283025e+13
6.886700e+02	7.336425e+02	1.106583e-06	4.615802e+11	8.212217e+13
6.896700e+02	7.344644e+02	1.097102e-06	4.540417e+11	8.142254e+13
6.906700e+02	7.352962e+02	1.087572e-06	4.467306e+11	8.073129e+13
6.916700e+02	7.361381e+02	1.077992e-06	4.396462e+11	8.004836e+13
6.926700e+02	7.369903e+02	1.068360e-06	4.327879e+11	7.937370e+13
6.936700e+02	7.378531e+02	1.058673e-06	4.261553e+11	7.870725e+13
6.946700e+02	7.387268e+02	1.048930e-06	4.197476e+11	7.804895e+13
6.956700e+02	7.396114e+02	1.039128e-06	4.135644e+11	7.739875e+13
6.966700e+02	7.405074e+02	1.029265e-06	4.076051e+11	7.675657e+13
6.976700e+02	7.414149e+02	1.019340e-06	4.018690e+11	7.612238e+13
6.986700e+02	7.423343e+02	1.009350e-06	3.963557e+11	7.549610e+13
6.996700e+02	7.432657e+02	9.992935e-07	3.910641e+11	7.487766e+13
7.006700e+02	7.442262e+02	9.890909e-07	3.858941e+11	7.426458e+13
7.016700e+02	7.452279e+02	9.786878e-07	3.807694e+11	7.365496e+13
7.026700e+02	7.462698e+02	9.680906e-07	3.756899e+11	7.304882e+13
7.036700e+02	7.473509e+02	9.573054e-07	3.706556e+11	7.244617e+13
7.046700e+02	7.484700e+02	9.463386e-07	3.656663e+11	7.184702e+13
7.056700e+02	7.496261e+02	9.351964e-07	3.607220e+11	7.125138e+13
7.066700e+02	7.508183e+02	9.238851e-07	3.558227e+11	7.065926e+13
7.076700e+02	7.520454e+02	9.124109e-07	3.509682e+11	7.007067e+13
7.086700e+02	7.533063e+02	9.007802e-07	3.461586e+11	6.948563e+13
7.096700e+02	7.546001e+02	8.889991e-07	3.413936e+11	6.890413e+13
7.106700e+02	7.559257e+02	8.770741e-07	3.366734e+11	6.832620e+13
7.116700e+02	7.572819e+02	8.650112e-07	3.319978e+11	6.775184e+13
7.126700e+02	7.586679e+02	8.528168e-07	3.273667e+11	6.718107e+13
7.136700e+02	7.600825e+02	8.404972e-07	3.227802e+11	6.661390e+13
7.146700e+02	7.615247e+02	8.280587e-07	3.182380e+11	6.605032e+13
7.156700e+02	7.629934e+02	8.155074e-07	3.137402e+11	6.549037e+13
7.166700e+02	7.644876e+02	8.028497e-07	3.092866e+11	6.493404e+13
7.176700e+02	7.660062e+02	7.900919e-07	3.048773e+11	6.438135e+13
7.186700e+02	7.675481e+02	7.772401e-07	3.005122e+11	6.383231e+13
7.196700e+02	7.691124e+02	7.643008e-07	2.961911e+11	6.328693e+13
7.206700e+02	7.706980e+02	7.512801e-07	2.919141e+11	6.274522e+13
7.216700e+02	7.723038e+02	7.381842e-07	2.876810e+11	6.220719e+13
7.226700e+02	7.739287e+02	7.250196e-07	2.834919e+11	6.167285e+13
7.236700e+02	7.755718e+02	7.117924e-07	2.793465e+11	6.114221e+13
7.246700e+02	7.772320e+02	6.985090e-07	2.752449e+11	6.061528e+13
7.256700e+02	7.789081e+02	6.851755e-07	2.711870e+11	6.009208e+13
7.266700e+02	7.805993e+02	6.717983e-07	2.671728e+11	5.957260e+13
7.276700e+02	7.823043e+02	6.583836e-07	2.632021e+11	5.905688e+13
7.286700e+02	7.840223e+02	6.449377e-07	2.592749e+11	5.854491e+13
7.296700e+02	7.857520e+02	6.314669e-07	2.553912e+11	5.803670e+13
7.306700e+02	7.874925e+02	6.179774e-07	2.515508e+11	5.753227e+13
7.316700e+02	7.892428e+02	6.044755e-07	2.477537e+11	5.703163e+13
7.326700e+02	7.910017e+02	5.909674e-07	2.439999e+11	5.653478e+13
7.336700e+02	7.927682e+02	5.774595e-07	2.402893e+11	5.604174e+13
7.346700e+02	7.945412e+02	5.639580e-07	2.366217e+11	5.555252e+13
7.356700e+02	7.963198e+02	5.504692e-07	2.329972e+11	5.506713e+13
7.366700e+02	7.981029e+02	5.369993e-07	2.294157e+11	5.458558e+13
7.376700e+02	7.998893e+02	5.235546e-07	2.258771e+11	5.410788e+13
7.386700e+02	8.016782e+02	5.101414e-07	2.223814e+11	5.363405e+13
7.396700e+02	8.034683e+02	4.967660e-07	2.189284e+11	5.316408e+13
7.406700e+02	8.052587e+02	4.834345e-07	2.155182e+11	5.269800e+13
7.416700e+02	8.070483e+02	4.701534e-07	2.121506e+11	5.223580e+13
7.426700e+02	8.088361e+02	4.569288e-07	2.088256e+11	5.177752e+13
7.436700e+02	8.106209e+02	4.437670e-07	2.055431e+11	5.132314e+13
7.446700e+02	8.124019e+02	4.306743e-07	2.023030e+11	5.087270e+13
7.456700e+02	8.141778e+02	4.176570e-07	1.991054e+11	5.042619e+13
7.466700e+02	8.159477e+02	4.047212e-07	1.959501e+11	4.998362e+13
7.476700e+02	8.177105e+02	3.918734e-07	1.928370e+11	4.954501e+13
7.486700e+02	8.194652e+02	3.791198e-07	1.897662e+11	4.911037e+13
7.496700e+02	8.212106e+02	3.664665e-07	1.867374e+11	4.867971e+13
7.506700e+02	8.229459e+02	3.539200e-07	1.837508e+11	4.825303e+13
7.516700e+02	8.246698e+02	3.414865e-07	1.808061e+11	4.783036e+13
7.526700e+02	8.263814e+02	3.291721e-07	1.779034e+11	4.741169e+13
7.536700e+02	8.280795e+02	3.169833e-07	1.750425e+11	4.699705e+13
7.546700e+02	8.297633e+02	3.049263e-07	1.722234e+11	4.658644e+13
7.556700e+02	8.314315e+02	2.930073e-07	1.694461e+11	4.617987e+13
7.566700e+02	8.330832e+02	2.812326e-07	1.667105e+11	4.577735e+13
7.576700e+02	8.347173e+02	2.696085e-07	1.640164e+11	4.537890e+13
7.586700e+02	8.363327e+02	2.581412e-07	1.613639e+11	4.498452e+13
7.596700e+02	8.379284e+02	2.468371e-07	1.587529e+11	4.459422e+13
7.606700e+02	8.395034e+02	2.357023e-07	1.561832e+11	4.420802e+13
7.616700e+02	8.410566e+02	2.247432e-07	1.536550e+11	4.382593e+13
7.626700e+02	8.425869e+02	2.139660e-07	1.511680e+11	4.344795e+13
7.636700e+02	8.440933e+02	2.033770e-07	1.487222e+11	4.307410e+13
7.646700e+02	8.455748e+02	1.929825e-07	1.463176e+11	4.270439e+13
7.656700e+02	8.470303e+02	1.827887e-07	1.439540e+11	4.233882e+13
7.666700e+02	8.484587e+02	1.728019e-07	1.416315e+11	4.197742e+13
7.676700e+02	8.498590e+02	1.630283e-07	1.393499e+11	4.162018e+13
7.686700e+02	8.512301e+02	1.534743e-07	1.371092e+11	4.126713e+13
7.696700e+02	8.525711e+02	1.441461e-07	1.349093e+11	4.091826e+13
7.706700e+02	8.538808e+02	1.350499e-07	1.327502e+11	4.057360e+13
7.716700e+02	8.551581e+02	1.261921e-07	1.306318e+11	4.023315e+13
7.726700e+02	8.564022e+02	1.175789e-07	1.285540e+11	3.989692e+13
7.736700e+02	8.576118e+02	1.092166e-07	1.265168e+11	3.956493e+13
7.746700e+02	8.587859e+02	1.011114e-07	1.245200e+11	3.923718e+13
7.756700e+02	8.599235e+02	9.326965e-08	1.225637e+11	3.891369e+13
7.766700e+02	8.610236e+02	8.569756e-08	1.206478e+11	3.859446e+13
7.776700e+02	8.620851e+02	7.840142e-08	1.187721e+11	3.827950e+13
7.786700e+02	8.631069e+02	7.138749e-08	1.169367e+11	3.796884e+13
7.796700e+02	8.640880e+02	6.466206e-08	1.151414e+11	3.766247e+13
7.806700e+02	8.650273e+02	5.823137e-08	1.133863e+11	3.736041e+13
7.816700e+02	8.659238e+02	5.210171e-08	1.116712e+11	3.706267e+13
7.826700e+02	8.667764e+02	4.627935e-08	1.099960e+11	3.676925e+13
7.836700e+02	8.675842e+02	4.077054e-08	1.083608e+11	3.648018e+13
7.846700e+02	8.683459e+02	3.558156e-08	1.067654e+11	3.619546e+13
7.856700e+02	8.690607e+02	3.071868e-08	1.052098e+11	3.591510e+13
7.866700e+02	8.697273e+02	2.618816e-08	1.036939e+11	3.563911e+13
7.876700e+02	8.703449e+02	2.199628e-08	1.022176e+11	3.536750e+13
7.886700e+02	8.709123e+02	1.814930e-08	1.007810e+11	3.510029e+13
7.896700e+02	8.714285e+02	1.465349e-08	9.938380e+10	3.483748e+13
7.906700e+02	8.718924e+02	1.151512e-08	9.802609e+10	3.457908e+13
7.916700e+02	8.723029e+02	8.740464e-09	9.670775e+10	3.432511e+13
7.926700e+02	8.726592e+02	6.335780e-09	9.542874e+10	3.407558e+13
7.936700e+02	8.729599e+02	4.307342e-09	9.418898e+10	3.383049e+13
7.946700e+02	8.732043e+02	2.661417e-09	9.298840e+10	3.358986e+13
7.956700e+02	8.733911e+02	1.404274e-09	9.182695e+10	3.335370e+13
7.966700e+02	8.735193e+02	5.421815e-10	9.070455e+10	3.312201e+13
7.976700e+02	8.735879e+02	8.140823e-11	8.962115e+10	3.289481e+13
7.986700e+02	8.735996e+02	0.000000e+00	8.857466e+10	3.267195e+13
7.996700e+02	8.735946e+02	0.000000e+00	8.754358e+10	3.245158e+13
8.006700e+02	8.735840e+02	0.000000e+00	8.652206e+10	3.223321e+13
8.016700e+02	8.735678e+02	0.000000e+00	8.551004e+10	3.201682e+13
8.026700e+02	8.735463e+02	0.000000e+00	8.450748e+10	3.180238e+13
8.036700e+02	8.735194e+02	0.000000e+00	8.351435e+10	3.158989e+13
8.046700e+02	8.734874e+02	0.000000e+00	8.253060e+10	3.137931e+13
8.056700e+02	8.734503e+02	0.000000e+00	8.155619e+10	3.117065e+13
8.066700e+02	8.734082e+02	0.000000e+00	8.059107e+10	3.096387e+13
8.076700e+02	8.733613e+02	0.000000e+00	7.963520e+10	3.075896e+13
8.086700e+02	8.733097e+02	0.000000e+00	7.868854e+10	3.055591e+13
8.096700e+02	8.732534e+02	0.000000e+00	7.775104e+10	3.035469e+13
8.106700e+02	8.731927e+02	0.000000e+00	7.682266e+10	3.015529e+13
8.116700e+02	8.731275e+02	0.000000e+00	7.590336e+10	2.995769e+13
8.126700e+02	8.730581e+02	0.000000e+00	7.499310e+10	2.976187e+13
8.136700e+02	8.729845e+02	0.000000e+00	7.409183e+10	2.956782e+13
8.146700e+02	8.729069e+02	0.000000e+00	7.319951e+10	2.937552e+13
8.156700e+02	8.728253e+02	0.000000e+00	7.231609e+10	2.918494e+13
8.166700e+02	8.727399e+02	0.000000e+00	7.144154e+10	2.899608e+13
8.176700e+02	8.726508e+02	0.000000e+00	7.057581e+10	2.880892e+13
8.186700e+02	8.725581e+02	0.000000e+00	6.971886e+10	2.862343e+13
8.196700e+02	8.724619e+02	0.000000e+00	6.887064e+10	2.843961e+13
8.206700e+02	8.723624e+02	0.000000e+00	6.803111e+10	2.825742e+13
8.216700e+02	8.722595e+02	0.000000e+00	6.720023e+10	2.807687e+13
8.226700e+02	8.721536e+02	0.000000e+00	6.637796e+10	2.789792e+13
8.236700e+02	8.720446e+02	0.000000e+00	6.556425e+10	2.772056e+13
8.246700e+02	8.719327e+02	0.000000e+00	6.475905e+10	2.754477e+13
8.256700e+02	8.718179e+02	0.000000e+00	6.396234e+10	2.737054e+13
8.266700e+02	8.717005e+02	0.000000e+00	6.317405e+10	2.719785e+13
8.276700e+02	8.715805e+02	0.000000e+00	6.239416e+10	2.702668e+13
8.286700e+02	8.714581e+02	0.000000e+00	6.162261e+10	2.685701e+13
8.296700e+02	8.713333e+02	0.000000e+00	6.085937e+10	2.668882e+13
8.306700e+02	8.712062e+02	0.000000e+00	6.010439e+10	2.652210e+13
8.316700e+02	8.710771e+02	0.000000e+00	5.935763e+10	2.635684e+13
8.326700e+02	8.709459e+02	0.000000e+00	5.861904e+10	2.619300e+13
8.336700e+02	8.708128e+02	0.000000e+00	5.788859e+10	2.603058e+13
8.346700e+02	8.706779e+02	0.000000e+00	5.716622e+10	2.586956e+13
8.356700e+02	8.705414e+02	0.000000e+00	5.645190e+10	2.570992e+13
8.366700e+02	8.704033e+02	0.000000e+00	5.574558e+10	2.555164e+13
8.376700e+02	8.702637e+02	0.000000e+00	5.504723e+10	2.539471e+13
8.386700e+02	8.701228e+02	0.000000e+00	5.435679e+10	2.523911e+13
8.396700e+02	8.699807e+02	0.000000e+00	5.367422e+10	2.508481e+13
8.406700e+02	8.698375e+02	0.000000e+00	5.299949e+10	2.493181e+13
8.416700e+02	8.696933e+02	0.000000e+00	5.233254e+10	2.478008e+13
8.426700e+02	8.695482e+02	0.000000e+00	5.167334e+10	2.462961e+13
8.436700e+02	8.694023e+02	0.000000e+00	5.102184e+10	2.448038e+13
8.446700e+02	8.692558e+02	0.000000e+00	5.037799e+10	2.433237e+13
8.456700e+02	8.691088e+02	0.000000e+00	4.974177e+10	2.418557e+13
8.466700e+02	8.689613e+02	0.000000e+00	4.911312e+10	2.403995e+13
8.476700e+02	8.688135e+02	0.000000e+00	4.849199e+10	2.389551e+13
8.486700e+02	8.686655e+02	0.000000e+00	4.787836e+10	2.375221e+13
8.496700e+02	8.685174e+02	0.000000e+00	4.727217e+10	2.361005e+13
8.506700e+02	8.683694e+02	0.000000e+00	4.667338e+10	2.346901e+13
8.516700e+02	8.682214e+02	0.000000e+00	4.608194e+10	2.332907e+13
8.526700e+02	8.680738e+02	0.000000e+00	4.549782e+10	2.319021e+13
8.536700e+02	8.679265e+02	0.000000e+00	4.492098e+10	2.305242e+13
8.546700e+02	8.677796e+02	0.000000e+00	4.435136e+10	2.291567e+13
8.556700e+02	8.676334e+02	0.000000e+00	4.378893e+10	2.277995e+13
8.566700e+02	8.674879e+02	0.000000e+00	4.323364e+10	2.264525e+13
8.576700e+02	8.673431e+02	0.000000e+00	4.268545e+10	2.251154e+13
8.586700e+02	8.671994e+02	0.000000e+00	4.214431e+10	2.237881e+13
8.596700e+02	8.670566e+02	0.000000e+00	4.161019e+10	2.224703e+13
8.606700e+02	8.669150e+02	0.000000e+00	4.108305e+10	2.211620e+13
8.616700e+02	8.667747e+02	0.000000e+00	4.056282e+10	2.198630e+13
8.626700e+02	8.666358e+02	0.000000e+00	4.004949e+10	2.185730e+13
8.636700e+02	8.664984e+02	0.000000e+00	3.954299e+10	2.172919e+13
8.646700e+02	8.663625e+02	0.000000e+00	3.904330e+10	2.160195e+13
8.656700e+02	8.662284e+02	0.000000e+00	3.855036e+10	2.147557e+13
8.666700e+02	8.660962e+02	0.000000e+00	3.806413e+10	2.135002e+13
8.676700e+02	8.659659e+02	0.000000e+00	3.758457e+10	2.122529e+13
8.686700e+02	8.658376e+02	0.000000e+00	3.711164e+10	2.110137e+13
8.696700e+02	8.657115e+02	0.000000e+00	3.664529e+10	2.097823e+13
8.706700e+02	8.655877e+02	0.000000e+00	3.618548e+10	2.085585e+13
8.716700e+02	8.654663e+02	0.000000e+00	3.573217e+10	2.073423e+13
8.726700e+02	8.653475e+02	0.000000e+00	3.528532e+10	2.061334e+13
8.736700e+02	8.652312e+02	0.000000e+00	3.484487e+10	2.049316e+13
8.746700e+02	8.651177e+02	0.000000e+00	3.441079e+10	2.037368e+13
8.756700e+02	8.650071e+02	0.000000e+00	3.398304e+10	2.025488e+13
8.766700e+02	8.648994e+02	0.000000e+00	3.356158e+10	2.013674e+13
8.776700e+02	8.647948e+02	0.000000e+00	3.314635e+10	2.001925e+13
8.786700e+02	8.646934e+02	0.000000e+00	3.273731e+10	1.990238e+13
8.796700e+02	8.645953e+02	0.000000e+00	3.233444e+10	1.978612e+13
8.806700e+02	8.645007e+02	0.000000e+00	3.193767e+10	1.967045e+13
8.816700e+02	8.644095e+02	0.000000e+00	3.154696e+10	1.955536e+13
8.826700e+02	8.643220e+02	0.000000e+00	3.116229e+10	1.944082e+13
8.836700e+02	8.642383e+02	0.000000e+00	3.078359e+10	1.932683e+13
8.846700e+02	8.641584e+02	0.000000e+00	3.041083e+10	1.921335e+13
8.856700e+02	8.640826e+02	0.000000e+00	3.004397e+10	1.910038e+13
8.866700e+02	8.640108e+02	0.000000e+00	2.968296e+10	1.898790e+13
8.876700e+02	8.639433e+02	0.000000e+00	2.932776e+10	1.887588e+13
8.886700e+02	8.638800e+02	0.000000e+00	2.897833e+10	1.876432e+13
8.896700e+02	8.638212e+02	0.000000e+00	2.863462e+10	1.865319e+13
8.906700e+02	8.637670e+02	0.000000e+00	2.829658e+10	1.854247e+13
8.916700e+02	8.637174e+02	0.000000e+00	2.796419e+10	1.843216e+13
8.926700e+02	8.636727e+02	0.000000e+00	2.763739e+10	1.832223e+13
8.936700e+02	8.636328e+02	0.000000e+00	2.731614e+10	1.821266e+13
8.946700e+02	8.635979e+02	0.000000e+00	2.700040e+10	1.810344e+13
8.956700e+02	8.635681e+02	0.000000e+00	2.669012e+10	1.799455e+13
8.966700e+02	8.635436e+02	0.000000e+00	2.638527e+10	1.788596e+13
8.976700e+02	8.635244e+02	0.000000e+00	2.608580e+10	1.777768e+13
8.986700e+02	8.635106e+02	0.000000e+00	2.579166e+10	1.766966e+13
8.996700e+02	8.635025e+02	0.000000e+00	2.550281e+10	1.756191e+13
9.006700e+02	8.635000e+02	0.000000e+00	2.521921e+10	1.745440e+13
9.016700e+02	8.635023e+02	0.000000e+00	2.493805e+10	1.734716e+13
9.026700e+02	8.635085e+02	0.000000e+00	2.465728e+10	1.724020e+13
9.036700e+02	8.635187e+02	0.000000e+00	2.437693e+10	1.713355e+13
9.046700e+02	8.635327e+02	0.000000e+00	2.409706e+10	1.702720e+13
9.056700e+02	8.635507e+02	0.000000e+00	2.381772e+10	1.692117e+13
9.066700e+02	8.635726e+02	0.000000e+00	2.353895e+10	1.681545e+13
9.076700e+02	8.635983e+02	0.000000e+00	2.326081e+10	1.671005e+13
9.086700e+02	8.636279e+02	0.000000e+00	2.298334e+10	1.660497e+13
9.096700e+02	8.636612e+02	0.000000e+00	2.270659e+10	1.650023e+13
9.106700e+02	8.636984e+02	0.000000e+00	2.243062e+10	1.639583e+13
9.116700e+02	8.637393e+02	0.000000e+00	2.215547e+10	1.629176e+13
9.126700e+02	8.637840e+02	0.000000e+00	2.188120e+10	1.618805e+13
9.136700e+02	8.638324e+02	0.000000e+00	2.160784e+10	1.608469e+13
9.146700e+02	8.638846e+02	0.000000e+00	2.133546e+10	1.598168e+13
9.156700e+02	8.639404e+02	0.000000e+00	2.106409e+10	1.587904e+13
9.166700e+02	8.639999e+02	0.000000e+00	2.079379e+10	1.577677e+13
9.176700e+02	8.640631e+02	0.000000e+00	2.052462e+10	1.567488e+13
9.186700e+02	8.641298e+02	0.000000e+00	2.025661e+10	1.557336e+13
9.196700e+02	8.642002e+02	0.000000e+00	1.998981e+10	1.547223e+13
9.206700e+02	8.642742e+02	0.000000e+00	1.972429e+10	1.537149e+13
9.216700e+02	8.643518e+02	0.000000e+00	1.946008e+10	1.527115e+13
9.226700e+02	8.644329e+02	0.000000e+00	1.919723e+10	1.517121e+13
9.236700e+02	8.645175e+02	0.000000e+00	1.893580e+10	1.507167e+13
9.246700e+02	8.646056e+02	0.000000e+00	1.867583e+10	1.497255e+13
9.256700e+02	8.646973e+02	0.000000e+00	1.841738e+10	1.487384e+13
9.266700e+02	8.647924e+02	0.000000e+00	1.816049e+10	1.477556e+13
9.276700e+02	8.648909e+02	0.000000e+00	1.790521e+10	1.467770e+13
9.286700e+02	8.649928e+02	0.000000e+00	1.765159e+10	1.458028e+13
9.296700e+02	8.650982e+02	0.000000e+00	1.739968e+10	1.448330e+13
9.306700e+02	8.652070e+02	0.000000e+00	1.714954e+10	1.438676e+13
9.316700e+02	8.653191e+02	0.000000e+00	1.690120e+10	1.429067e+13
9.326700e+02	8.654345e+02	0.000000e+00	1.665472e+10	1.419503e+13
9.336700e+02	8.655533e+02	0.000000e+00	1.641014e+10	1.409986e+13
9.346700e+02	8.656754e+02	0.000000e+00	1.616753e+10	1.400515e+13
9.356700e+02	8.658007e+02	0.000000e+00	1.592692e+10	1.391091e+13
9.366700e+02	8.659294e+02	0.000000e+00	1.568837e+10	1.381715e+13
9.376700e+02	8.660612e+02	0.000000e+00	1.545192e+10	1.372387e+13
9.386700e+02	8.661963e+02	0.000000e+00	1.521763e+10	1.363107e+13
9.396700e+02	8.663346e+02	0.000000e+00	1.498554e+10	1.353877e+13
9.406700e+02	8.664760e+02	0.000000e+00	1.475570e+10	1.344697e+13
9.416700e+02	8.666207e+02	0.000000e+00	1.452817e+10	1.335567e+13
9.426700e+02	8.667684e+02	0.000000e+00	1.430299e+10	1.326488e+13
9.436700e+02	8.669193e+02	0.000000e+00	1.408021e+10	1.317460e+13
9.446700e+02	8.670733e+02	0.000000e+00	1.385988e+10	1.308484e+13
9.456700e+02	8.672303e+02	0.000000e+00	1.364205e+10	1.299560e+13
9.466700e+02	8.673904e+02	0.000000e+00	1.342676e+10	1.290690e+13
9.476700e+02	8.675535e+02	0.000000e+00	1.321408e+10	1.281873e+13
9.486700e+02	8.677197e+02	0.000000e+00	1.300405e+10	1.273110e+13
9.496700e+02	8.678888e+02	0.000000e+00	1.279671e+10	1.264401e+13
9.506700e+02	8.680609e+02	0.000000e+00	1.259212e+10	1.255748e+13
9.516700e+02	8.682360e+02	0.000000e+00	1.239032e+10	1.247150e+13
9.526700e+02	8.684140e+02	0.000000e+00	1.219137e+10	1.238609e+13
9.536700e+02	8.685949e+02	0.000000e+00	1.199532e+10	1.230124e+13
9.546700e+02	8.687787e+02	0.000000e+00	1.180221e+10	1.221696e+13
9.556700e+02	8.689653e+02	0.000000e+00	1.161209e+10	1.213327e+13
9.566700e+02	8.691549e+02	0.000000e+00	1.142501e+10	1.205015e+13
9.576700e+02	8.693472e+02	0.000000e+00	1.124103e+10	1.196763e+13
9.586700e+02	8.695424e+02	0.000000e+00	1.106019e+10	1.188570e+13
9.596700e+02	8.697403e+02	0.000000e+00	1.088254e+10	1.180437e+13
9.606700e+02	8.699410e+02	0.000000e+00	1.070812e+10	1.172364e+13
9.616700e+02	8.701445e+02	0.000000e+00	1.053700e+10	1.164352e+13
9.626700e+02	8.703506e+02	0.000000e+00	1.036922e+10	1.156402e+13
9.636700e+02	8.705595e+02	0.000000e+00	1.020482e+10	1.148514e+13
9.646700e+02	8.707711e+02	0.000000e+00	1.004386e+10	1.140688e+13
9.656700e+02	8.709853e+02	0.000000e+00	9.886389e+09	1.132926e+13
9.666700e+02	8.712022e+02	0.000000e+00	9.732452e+09	1.125227e+13
9.676700e+02	8.714217e+02	0.000000e+00	9.582100e+09	1.117593e+13
9.686700e+02	8.716438e+02	0.000000e+00	9.435383e+09	1.110023e+13
9.696700e+02	8.718685e+02	0.000000e+00	9.292350e+09	1.102519e+13
9.706700e+02	8.720958e+02	0.000000e+00	9.153050e+09	1.095080e+13
9.716700e+02	8.723255e+02	0.000000e+00	9.017533e+09	1.087708e+13
9.726700e+02	8.725579e+02	0.000000e+00	8.885848e+09	1.080402e+13
9.736700e+02	8.727927e+02	0.000000e+00	8.758043e+09	1.073164e+13
9.746700e+02	8.730300e+02	0.000000e+00	8.634170e+09	1.065994e+13
9.756700e+02	8.732697e+02	0.000000e+00	8.514276e+09	1.058893e+13
9.766700e+02	8.735119e+02	0.000000e+00	8.398412e+09	1.051860e+13
9.776700e+02	8.737565e+02	0.000000e+00	8.286626e+09	1.044897e+13
9.786700e+02	8.740035e+02	0.000000e+00	8.178968e+09	1.038004e+13
9.796700e+02	8.742529e+02	0.000000e+00	8.075487e+09	1.031182e+13
9.806700e+02	8.745046e+02	0.000000e+00	7.976233e+09	1.024431e+13
9.816700e+02	8.747587e+02	0.000000e+00	7.881255e+09	1.017752e+13
9.826700e+02	8.750151e+02	0.000000e+00	7.790602e+09	1.011145e+13
9.836700e+02	8.752737e+02	0.000000e+00	7.704323e+09	1.004610e+13
9.846700e+02	8.755347e+02	0.000000e+00	7.622469e+09	9.981494e+12
9.856700e+02	8.757979e+02	0.000000e+00	7.545087e+09	9.917622e+12
9.866700e+02	8.760633e+02	0.000000e+00	7.472229e+09	9.854494e+12
9.876700e+02	8.763310e+02	0.000000e+00	7.403942e+09	9.792116e+12
9.886700e+02	8.766008e+02	0.000000e+00	7.340276e+09	9.730491e+12
9.896700e+02	8.768728e+02	0.000000e+00	7.281281e+09	9.669627e+12
9.906700e+02	8.771470e+02	0.000000e+00	7.227006e+09	9.609528e+12
9.916700e+02	8.774233e+02	0.000000e+00	7.177500e+09	9.550199e+12
9.926700e+02	8.777017e+02	0.000000e+00	7.132813e+09	9.491646e+12
9.936700e+02	8.779822e+02	0.000000e+00	7.092994e+09	9.433875e+12
9.946700e+02	8.782647e+02	0.000000e+00	7.058092e+09	9.376890e+12
9.956700e+02	8.785494e+02	0.000000e+00	7.028157e+09	9.320697e+12
9.966700e+02	8.788360e+02	0.000000e+00	7.003237e+09	9.265301e+12
9.976700e+02	8.791246e+02	0.000000e+00	6.983383e+09	9.210708e+12
9.986700e+02	8.794153e+02	0.000000e+00	6.968643e+09	9.156923e+12
9.996700e+02	8.797078e+02	0.000000e+00	6.959068e+09	9.103952e+12
1.000670e+03	8.800024e+02	0.000000e+00	6.954705e+09	9.051799e+12
1.001670e+03	8.802988e+02	0.000000e+00	6.955605e+09	9.000470e+12
