Altitude	Temperature	Pressure	HE[m-3]	H2[m-3]	Total_mass_density
0.000000e+00	1.068015e+02	5.015341e+01	4.070210e+21	2.593132e+22	1.143112e+02
1.000000e+00	1.074224e+02	4.953892e+01	4.020190e+21	2.561265e+22	1.129107e+02
2.000000e+00	1.080432e+02	4.892444e+01	3.970170e+21	2.529398e+22	1.115101e+02
3.000000e+00	1.086641e+02	4.830996e+01	3.920151e+21	2.497530e+22	1.101096e+02
4.000000e+00	1.092850e+02	4.769547e+01	3.870131e+21	2.465663e+22	1.087091e+02
5.000000e+00	1.099058e+02	4.708099e+01	3.820111e+21	2.433796e+22	1.073085e+02
6.000000e+00	1.105267e+02	4.646651e+01	3.770091e+21	2.401928e+22	1.059080e+02
7.000000e+00	1.111476e+02	4.585203e+01	3.720071e+21	2.370061e+22	1.045075e+02
8.000000e+00	1.117684e+02	4.523754e+01	3.670051e+21	2.338194e+22	1.031069e+02
9.000000e+00	1.123893e+02	4.462306e+01	3.620031e+21	2.306326e+22	1.017064e+02
1.000000e+01	1.130101e+02	4.400858e+01	3.570012e+21	2.274459e+22	1.003059e+02
1.100000e+01	1.136310e+02	4.339409e+01	3.519992e+21	2.242592e+22	9.890534e+01
1.200000e+01	1.142519e+02	4.277961e+01	3.469972e+21	2.210724e+22	9.750480e+01
1.300000e+01	1.148727e+02	4.216513e+01	3.419952e+21	2.178857e+22	9.610427e+01
1.400000e+01	1.154936e+02	4.155065e+01	3.369932e+21	2.146990e+22	9.470373e+01
1.500000e+01	1.161145e+02	4.093616e+01	3.319912e+21	2.115122e+22	9.330320e+01
1.600000e+01	1.167353e+02	4.032168e+01	3.269892e+21	2.083255e+22	9.190267e+01
1.700000e+01	1.173562e+02	3.970720e+01	3.219873e+21	2.051388e+22	9.050213e+01
1.800000e+01	1.179770e+02	3.909271e+01	3.169853e+21	2.019520e+22	8.910160e+01
1.900000e+01	1.185979e+02	3.847823e+01	3.119833e+21	1.987653e+22	8.770107e+01
2.000000e+01	1.192188e+02	3.786375e+01	3.069813e+21	1.955786e+22	8.630053e+01
2.100000e+01	1.198396e+02	3.724926e+01	3.019793e+21	1.923918e+22	8.490000e+01
2.200000e+01	1.204605e+02	3.663478e+01	2.969773e+21	1.892051e+22	8.349946e+01
2.300000e+01	1.211167e+02	3.598565e+01	2.916874e+21	1.858349e+22	8.201997e+01
2.400000e+01	1.217740e+02	3.533541e+01	2.863880e+21	1.824587e+22	8.053793e+01
2.500000e+01	1.224322e+02	3.468428e+01	2.810811e+21	1.790778e+22	7.905390e+01
2.600000e+01	1.230911e+02	3.403252e+01	2.757687e+21	1.756933e+22	7.756840e+01
2.700000e+01	1.237505e+02	3.338035e+01	2.704527e+21	1.723065e+22	7.608198e+01
2.800000e+01	1.244100e+02	3.272802e+01	2.651351e+21	1.689187e+22	7.459518e+01
2.900000e+01	1.250694e+02	3.207575e+01	2.598178e+21	1.655311e+22	7.310854e+01
3.000000e+01	1.257286e+02	3.142380e+01	2.545027e+21	1.621449e+22	7.162261e+01
3.100000e+01	1.263872e+02	3.077239e+01	2.491919e+21	1.587614e+22	7.013791e+01
3.200000e+01	1.270450e+02	3.012176e+01	2.438872e+21	1.553819e+22	6.865500e+01
3.300000e+01	1.277018e+02	2.947214e+01	2.385906e+21	1.520075e+22	6.717441e+01
3.400000e+01	1.283574e+02	2.882379e+01	2.333041e+21	1.486395e+22	6.569668e+01
3.500000e+01	1.290114e+02	2.817693e+01	2.280296e+21	1.452792e+22	6.422236e+01
3.600000e+01	1.296637e+02	2.753180e+01	2.227691e+21	1.419277e+22	6.275198e+01
3.700000e+01	1.303141e+02	2.688863e+01	2.175244e+21	1.385864e+22	6.128609e+01
3.800000e+01	1.309622e+02	2.624768e+01	2.122977e+21	1.352565e+22	5.982523e+01
3.900000e+01	1.316078e+02	2.560916e+01	2.070907e+21	1.319392e+22	5.836992e+01
4.000000e+01	1.322507e+02	2.497332e+01	2.019055e+21	1.286358e+22	5.692073e+01
4.100000e+01	1.328907e+02	2.434040e+01	1.967440e+21	1.253475e+22	5.547818e+01
4.200000e+01	1.335275e+02	2.371064e+01	1.916082e+21	1.220755e+22	5.404282e+01
4.300000e+01	1.341609e+02	2.308426e+01	1.865000e+21	1.188211e+22	5.261519e+01
4.400000e+01	1.347906e+02	2.246151e+01	1.814214e+21	1.155855e+22	5.119583e+01
4.500000e+01	1.354164e+02	2.184263e+01	1.763742e+21	1.123701e+22	4.978527e+01
4.600000e+01	1.360381e+02	2.122785e+01	1.713605e+21	1.091759e+22	4.838407e+01
4.700000e+01	1.366553e+02	2.061741e+01	1.663823e+21	1.060043e+22	4.699276e+01
4.800000e+01	1.372680e+02	2.001154e+01	1.614414e+21	1.028565e+22	4.561187e+01
4.900000e+01	1.378757e+02	1.941049e+01	1.565398e+21	9.973377e+21	4.424196e+01
5.000000e+01	1.384784e+02	1.881449e+01	1.516795e+21	9.663731e+21	4.288356e+01
5.100000e+01	1.390757e+02	1.822378e+01	1.468624e+21	9.356838e+21	4.153721e+01
5.200000e+01	1.396674e+02	1.763859e+01	1.420904e+21	9.052822e+21	4.020346e+01
5.300000e+01	1.402533e+02	1.705916e+01	1.373656e+21	8.751807e+21	3.888284e+01
5.400000e+01	1.408331e+02	1.648574e+01	1.326898e+21	8.453919e+21	3.757589e+01
5.500000e+01	1.414065e+02	1.591855e+01	1.280651e+21	8.159280e+21	3.628316e+01
5.600000e+01	1.419735e+02	1.535784e+01	1.234933e+21	7.868015e+21	3.500518e+01
5.700000e+01	1.425336e+02	1.480383e+01	1.189764e+21	7.580249e+21	3.374250e+01
5.800000e+01	1.430867e+02	1.425678e+01	1.145163e+21	7.296105e+21	3.249565e+01
5.900000e+01	1.436325e+02	1.371691e+01	1.101151e+21	7.015708e+21	3.126518e+01
6.000000e+01	1.441708e+02	1.318446e+01	1.057747e+21	6.739183e+21	3.005163e+01
6.100000e+01	1.447014e+02	1.265967e+01	1.014970e+21	6.466652e+21	2.885553e+01
6.200000e+01	1.452239e+02	1.214278e+01	9.728388e+20	6.198241e+21	2.767744e+01
6.300000e+01	1.457382e+02	1.163402e+01	9.313742e+20	5.934074e+21	2.651788e+01
6.400000e+01	1.462441e+02	1.113364e+01	8.905952e+20	5.674275e+21	2.537740e+01
6.500000e+01	1.467412e+02	1.064186e+01	8.505214e+20	5.418968e+21	2.425654e+01
6.600000e+01	1.472293e+02	1.015893e+01	8.111722e+20	5.168278e+21	2.315584e+01
6.700000e+01	1.477083e+02	9.685076e+00	7.725671e+20	4.922328e+21	2.207585e+01
6.800000e+01	1.481778e+02	9.220547e+00	7.347257e+20	4.681244e+21	2.101709e+01
6.900000e+01	1.486376e+02	8.765574e+00	6.976674e+20	4.445148e+21	1.998011e+01
7.000000e+01	1.490875e+02	8.320396e+00	6.614117e+20	4.214166e+21	1.896546e+01
7.100000e+01	1.495272e+02	7.885249e+00	6.259782e+20	3.988421e+21	1.797367e+01
7.200000e+01	1.499565e+02	7.460370e+00	5.913863e+20	3.768039e+21	1.700529e+01
7.300000e+01	1.503752e+02	7.045997e+00	5.576555e+20	3.553142e+21	1.606085e+01
7.400000e+01	1.507830e+02	6.642367e+00	5.248054e+20	3.343856e+21	1.514089e+01
7.500000e+01	1.511796e+02	6.249717e+00	4.928553e+20	3.140304e+21	1.424596e+01
7.600000e+01	1.515649e+02	5.868284e+00	4.618250e+20	2.942611e+21	1.337659e+01
7.700000e+01	1.519386e+02	5.498305e+00	4.317337e+20	2.750901e+21	1.253333e+01
7.800000e+01	1.523005e+02	5.140018e+00	4.026011e+20	2.565299e+21	1.171671e+01
7.900000e+01	1.526502e+02	4.793659e+00	3.744467e+20	2.385928e+21	1.092729e+01
8.000000e+01	1.529876e+02	4.459466e+00	3.472899e+20	2.212912e+21	1.016559e+01
8.100000e+01	1.533125e+02	4.137677e+00	3.211502e+20	2.046377e+21	9.432158e+00
8.200000e+01	1.536245e+02	3.828527e+00	2.960471e+20	1.886445e+21	8.727536e+00
8.300000e+01	1.539235e+02	3.532255e+00	2.720002e+20	1.733243e+21	8.052263e+00
8.400000e+01	1.542091e+02	3.249097e+00	2.490289e+20	1.586892e+21	7.406880e+00
8.500000e+01	1.544813e+02	2.979291e+00	2.271528e+20	1.447519e+21	6.791927e+00
8.600000e+01	1.547397e+02	2.723073e+00	2.063913e+20	1.315247e+21	6.207945e+00
8.700000e+01	1.549840e+02	2.480682e+00	1.867640e+20	1.190200e+21	5.655474e+00
8.800000e+01	1.552141e+02	2.252354e+00	1.682903e+20	1.072502e+21	5.135056e+00
8.900000e+01	1.554297e+02	2.038326e+00	1.509897e+20	9.622788e+20	4.647229e+00
9.000000e+01	1.556306e+02	1.838835e+00	1.348818e+20	8.596533e+20	4.192536e+00
9.100000e+01	1.558165e+02	1.654119e+00	1.199860e+20	7.647501e+20	3.771516e+00
9.200000e+01	1.559872e+02	1.484415e+00	1.063218e+20	6.776933e+20	3.384710e+00
9.300000e+01	1.561424e+02	1.329960e+00	9.390882e+19	5.986073e+20	3.032659e+00
9.400000e+01	1.562819e+02	1.190991e+00	8.276647e+19	5.276163e+20	2.715903e+00
9.500000e+01	1.564055e+02	1.067745e+00	7.291425e+19	4.648444e+20	2.434983e+00
9.600000e+01	1.565129e+02	9.604596e-01	6.437169e+19	4.104160e+20	2.190438e+00
9.700000e+01	1.566038e+02	8.693719e-01	5.715826e+19	3.644552e+20	1.982810e+00
9.800000e+01	1.566781e+02	7.947189e-01	5.129348e+19	3.270863e+20	1.812640e+00
9.900000e+01	1.567355e+02	7.367379e-01	4.679685e+19	2.984336e+20	1.680467e+00
1.000000e+02	1.567758e+02	6.956660e-01	4.368787e+19	2.786212e+20	1.586832e+00
1.010000e+02	1.567987e+02	6.717404e-01	4.198603e+19	2.677733e+20	1.532276e+00
1.020000e+02	1.568110e+02	6.581802e-01	4.113373e+19	2.623378e+20	1.501345e+00
1.030000e+02	1.568228e+02	6.448558e-01	4.029800e+19	2.570078e+20	1.470951e+00
1.040000e+02	1.568343e+02	6.316808e-01	3.947171e+19	2.517380e+20	1.440898e+00
1.050000e+02	1.568454e+02	6.186547e-01	3.865486e+19	2.465284e+20	1.411185e+00
1.060000e+02	1.568562e+02	6.057772e-01	3.784741e+19	2.413788e+20	1.381810e+00
1.070000e+02	1.568666e+02	5.930481e-01	3.704934e+19	2.362890e+20	1.352774e+00
1.080000e+02	1.568767e+02	5.804669e-01	3.626064e+19	2.312589e+20	1.324076e+00
1.090000e+02	1.568865e+02	5.680333e-01	3.548127e+19	2.262884e+20	1.295714e+00
1.100000e+02	1.568960e+02	5.557470e-01	3.471121e+19	2.213773e+20	1.267688e+00
1.110000e+02	1.569052e+02	5.436077e-01	3.395045e+19	2.165254e+20	1.239998e+00
1.120000e+02	1.569141e+02	5.316151e-01	3.319896e+19	2.117327e+20	1.212641e+00
1.130000e+02	1.569227e+02	5.197687e-01	3.245672e+19	2.069989e+20	1.185619e+00
1.140000e+02	1.569310e+02	5.080684e-01	3.172370e+19	2.023239e+20	1.158930e+00
1.150000e+02	1.569390e+02	4.965136e-01	3.099988e+19	1.977077e+20	1.132572e+00
1.160000e+02	1.569468e+02	4.851042e-01	3.028525e+19	1.931499e+20	1.106546e+00
1.170000e+02	1.569543e+02	4.738397e-01	2.957976e+19	1.886506e+20	1.080851e+00
1.180000e+02	1.569616e+02	4.627199e-01	2.888342e+19	1.842095e+20	1.055486e+00
1.190000e+02	1.569686e+02	4.517444e-01	2.819618e+19	1.798266e+20	1.030450e+00
1.200000e+02	1.569753e+02	4.409129e-01	2.751804e+19	1.755016e+20	1.005742e+00
1.210000e+02	1.569819e+02	4.302250e-01	2.684896e+19	1.712344e+20	9.813625e-01
1.220000e+02	1.569882e+02	4.196805e-01	2.618892e+19	1.670249e+20	9.573094e-01
1.230000e+02	1.569943e+02	4.092789e-01	2.553791e+19	1.628729e+20	9.335824e-01
1.240000e+02	1.570002e+02	3.990199e-01	2.489589e+19	1.587783e+20	9.101809e-01
1.250000e+02	1.570058e+02	3.889033e-01	2.426285e+19	1.547410e+20	8.871039e-01
1.260000e+02	1.570113e+02	3.789287e-01	2.363877e+19	1.507607e+20	8.643508e-01
1.270000e+02	1.570166e+02	3.690957e-01	2.302361e+19	1.468374e+20	8.419209e-01
1.280000e+02	1.570217e+02	3.594040e-01	2.241736e+19	1.429710e+20	8.198132e-01
1.290000e+02	1.570267e+02	3.498533e-01	2.182000e+19	1.391611e+20	7.980272e-01
1.300000e+02	1.570315e+02	3.404433e-01	2.123150e+19	1.354079e+20	7.765620e-01
1.310000e+02	1.570361e+02	3.311736e-01	2.065184e+19	1.317110e+20	7.554169e-01
1.320000e+02	1.570405e+02	3.220439e-01	2.008100e+19	1.280703e+20	7.345911e-01
1.330000e+02	1.570449e+02	3.130538e-01	1.951895e+19	1.244857e+20	7.140838e-01
1.340000e+02	1.570490e+02	3.042031e-01	1.896568e+19	1.209571e+20	6.938944e-01
1.350000e+02	1.570531e+02	2.954913e-01	1.842115e+19	1.174842e+20	6.740220e-01
1.360000e+02	1.570570e+02	2.869183e-01	1.788536e+19	1.140670e+20	6.544659e-01
1.370000e+02	1.570608e+02	2.784835e-01	1.735826e+19	1.107054e+20	6.352253e-01
1.380000e+02	1.570646e+02	2.701867e-01	1.683985e+19	1.073991e+20	6.162995e-01
1.390000e+02	1.570682e+02	2.620276e-01	1.633010e+19	1.041480e+20	5.976877e-01
1.400000e+02	1.570717e+02	2.540059e-01	1.582899e+19	1.009520e+20	5.793892e-01
1.410000e+02	1.570751e+02	2.461211e-01	1.533649e+19	9.781097e+19	5.614031e-01
1.420000e+02	1.570785e+02	2.383730e-01	1.485258e+19	9.472471e+19	5.437288e-01
1.430000e+02	1.570817e+02	2.307612e-01	1.437724e+19	9.169310e+19	5.263655e-01
1.440000e+02	1.570850e+02	2.232854e-01	1.391044e+19	8.871600e+19	5.093124e-01
1.450000e+02	1.570881e+02	2.159453e-01	1.345217e+19	8.579326e+19	4.925688e-01
1.460000e+02	1.570912e+02	2.087406e-01	1.300240e+19	8.292473e+19	4.761339e-01
1.470000e+02	1.570943e+02	2.016708e-01	1.256111e+19	8.011027e+19	4.600069e-01
1.480000e+02	1.570973e+02	1.947357e-01	1.212828e+19	7.734975e+19	4.441872e-01
1.490000e+02	1.571003e+02	1.879349e-01	1.170387e+19	7.464300e+19	4.286738e-01
1.500000e+02	1.571033e+02	1.812682e-01	1.128788e+19	7.198990e+19	4.134662e-01
1.510000e+02	1.571063e+02	1.747351e-01	1.088028e+19	6.939029e+19	3.985635e-01
1.520000e+02	1.571093e+02	1.683354e-01	1.048104e+19	6.684404e+19	3.839649e-01
1.530000e+02	1.571122e+02	1.620686e-01	1.009014e+19	6.435099e+19	3.696698e-01
1.540000e+02	1.571152e+02	1.559346e-01	9.707569e+18	6.191100e+19	3.556772e-01
1.550000e+02	1.571182e+02	1.499329e-01	9.333291e+18	5.952394e+19	3.419866e-01
1.560000e+02	1.571212e+02	1.440632e-01	8.967288e+18	5.718965e+19	3.285971e-01
1.570000e+02	1.571243e+02	1.383252e-01	8.609537e+18	5.490799e+19	3.155080e-01
1.580000e+02	1.571274e+02	1.327185e-01	8.260016e+18	5.267881e+19	3.027185e-01
1.590000e+02	1.571305e+02	1.272429e-01	7.918702e+18	5.050198e+19	2.902279e-01
1.600000e+02	1.571337e+02	1.218979e-01	7.585572e+18	4.837735e+19	2.780354e-01
1.610000e+02	1.571369e+02	1.166833e-01	7.260605e+18	4.630477e+19	2.661402e-01
1.620000e+02	1.571402e+02	1.115987e-01	6.943776e+18	4.428410e+19	2.545416e-01
1.630000e+02	1.571436e+02	1.066438e-01	6.635064e+18	4.231520e+19	2.432388e-01
1.640000e+02	1.571471e+02	1.018182e-01	6.334446e+18	4.039792e+19	2.322311e-01
1.650000e+02	1.571507e+02	9.712167e-02	6.041899e+18	3.853212e+19	2.215178e-01
1.660000e+02	1.571543e+02	9.255382e-02	5.757401e+18	3.671765e+19	2.110979e-01
1.670000e+02	1.571581e+02	8.811432e-02	5.480929e+18	3.495437e+19	2.009709e-01
1.680000e+02	1.571619e+02	8.380285e-02	5.212460e+18	3.324214e+19	1.911359e-01
1.690000e+02	1.571659e+02	7.961906e-02	4.951972e+18	3.158080e+19	1.815922e-01
1.700000e+02	1.571701e+02	7.556264e-02	4.699443e+18	2.997023e+19	1.723390e-01
1.710000e+02	1.571743e+02	7.163324e-02	4.454849e+18	2.841026e+19	1.633756e-01
1.720000e+02	1.571787e+02	6.783054e-02	4.218169e+18	2.690077e+19	1.547012e-01
1.730000e+02	1.571832e+02	6.415420e-02	3.989379e+18	2.544160e+19	1.463151e-01
1.740000e+02	1.571879e+02	6.060389e-02	3.768456e+18	2.403261e+19	1.382164e-01
1.750000e+02	1.571928e+02	5.717927e-02	3.555379e+18	2.267365e+19	1.304045e-01
1.760000e+02	1.571978e+02	5.388002e-02	3.350125e+18	2.136459e+19	1.228786e-01
1.770000e+02	1.572030e+02	5.070580e-02	3.152670e+18	2.010528e+19	1.156378e-01
1.780000e+02	1.572084e+02	4.765628e-02	2.962993e+18	1.889557e+19	1.086816e-01
1.790000e+02	1.572140e+02	4.473113e-02	2.781070e+18	1.773532e+19	1.020090e-01
1.800000e+02	1.572198e+02	4.193001e-02	2.606880e+18	1.662438e+19	9.561943e-02
1.810000e+02	1.572257e+02	3.925260e-02	2.440399e+18	1.556262e+19	8.951202e-02
1.820000e+02	1.572319e+02	3.669856e-02	2.281605e+18	1.454988e+19	8.368604e-02
1.830000e+02	1.572384e+02	3.426755e-02	2.130475e+18	1.358603e+19	7.814074e-02
1.840000e+02	1.572450e+02	3.195925e-02	1.986987e+18	1.267092e+19	7.287535e-02
1.850000e+02	1.572519e+02	2.977332e-02	1.851118e+18	1.180440e+19	6.788912e-02
1.860000e+02	1.572590e+02	2.770944e-02	1.722846e+18	1.098633e+19	6.318130e-02
1.870000e+02	1.572664e+02	2.576726e-02	1.602147e+18	1.021657e+19	5.875112e-02
1.880000e+02	1.572740e+02	2.394645e-02	1.489000e+18	9.494968e+18	5.459782e-02
1.890000e+02	1.572819e+02	2.224670e-02	1.383381e+18	8.821386e+18	5.072066e-02
1.900000e+02	1.572901e+02	2.066765e-02	1.285268e+18	8.195679e+18	4.711886e-02
1.910000e+02	1.572985e+02	1.920898e-02	1.194638e+18	7.617701e+18	4.379168e-02
1.920000e+02	1.573073e+02	1.787036e-02	1.111470e+18	7.087309e+18	4.073836e-02
1.930000e+02	1.573163e+02	1.665145e-02	1.035739e+18	6.604359e+18	3.795813e-02
1.940000e+02	1.573256e+02	1.555192e-02	9.674241e+17	6.168706e+18	3.545024e-02
1.950000e+02	1.573353e+02	1.457144e-02	9.065019e+17	5.780207e+18	3.321393e-02
1.960000e+02	1.573452e+02	1.370968e-02	8.529500e+17	5.438717e+18	3.124845e-02
1.970000e+02	1.573555e+02	1.296631e-02	8.067459e+17	5.144091e+18	2.955304e-02
1.980000e+02	1.573661e+02	1.234098e-02	7.678667e+17	4.896187e+18	2.812693e-02
1.990000e+02	1.573771e+02	1.183338e-02	7.362901e+17	4.694859e+18	2.696938e-02
2.000000e+02	1.573884e+02	1.144316e-02	7.119933e+17	4.539964e+18	2.607962e-02
2.010000e+02	1.574000e+02	1.117000e-02	6.949537e+17	4.431358e+18	2.545690e-02
2.020000e+02	1.574209e+02	1.095633e-02	6.816017e+17	4.346271e+18	2.496989e-02
2.030000e+02	1.574598e+02	1.074481e-02	6.683826e+17	4.262032e+18	2.448778e-02
2.040000e+02	1.575164e+02	1.053543e-02	6.552963e+17	4.178639e+18	2.401057e-02
2.050000e+02	1.575903e+02	1.032820e-02	6.423429e+17	4.096092e+18	2.353824e-02
2.060000e+02	1.576813e+02	1.012312e-02	6.295223e+17	4.014391e+18	2.307080e-02
2.070000e+02	1.577890e+02	9.920176e-03	6.168344e+17	3.933537e+18	2.260825e-02
2.080000e+02	1.579131e+02	9.719375e-03	6.042791e+17	3.853527e+18	2.215057e-02
2.090000e+02	1.580533e+02	9.520713e-03	5.918565e+17	3.774363e+18	2.169778e-02
2.100000e+02	1.582093e+02	9.324190e-03	5.795665e+17	3.696044e+18	2.124985e-02
2.110000e+02	1.583808e+02	9.129804e-03	5.674090e+17	3.618569e+18	2.080680e-02
2.120000e+02	1.585675e+02	8.937554e-03	5.553840e+17	3.541939e+18	2.036862e-02
2.130000e+02	1.587690e+02	8.747437e-03	5.434914e+17	3.466152e+18	1.993530e-02
2.140000e+02	1.589850e+02	8.559454e-03	5.317312e+17	3.391209e+18	1.950684e-02
2.150000e+02	1.592153e+02	8.373601e-03	5.201033e+17	3.317109e+18	1.908324e-02
2.160000e+02	1.594595e+02	8.189879e-03	5.086078e+17	3.243853e+18	1.866450e-02
2.170000e+02	1.597173e+02	8.008284e-03	4.972444e+17	3.171439e+18	1.825060e-02
2.180000e+02	1.599884e+02	7.828817e-03	4.860133e+17	3.099867e+18	1.784156e-02
2.190000e+02	1.602725e+02	7.651475e-03	4.749143e+17	3.029137e+18	1.743735e-02
2.200000e+02	1.605692e+02	7.476257e-03	4.639474e+17	2.959249e+18	1.703799e-02
2.210000e+02	1.608783e+02	7.303162e-03	4.531125e+17	2.890203e+18	1.664347e-02
2.220000e+02	1.611995e+02	7.132188e-03	4.424096e+17	2.821998e+18	1.625379e-02
2.230000e+02	1.615323e+02	6.963334e-03	4.318387e+17	2.754633e+18	1.586893e-02
2.240000e+02	1.618766e+02	6.796599e-03	4.213997e+17	2.688109e+18	1.548890e-02
2.250000e+02	1.622320e+02	6.631980e-03	4.110925e+17	2.622425e+18	1.511370e-02
2.260000e+02	1.625981e+02	6.469476e-03	4.009171e+17	2.557581e+18	1.474332e-02
2.270000e+02	1.629748e+02	6.309087e-03	3.908735e+17	2.493577e+18	1.437776e-02
2.280000e+02	1.633616e+02	6.150810e-03	3.809615e+17	2.430412e+18	1.401701e-02
2.290000e+02	1.637582e+02	5.994645e-03	3.711813e+17	2.368086e+18	1.366108e-02
2.300000e+02	1.641644e+02	5.840589e-03	3.615326e+17	2.306599e+18	1.330996e-02
2.310000e+02	1.645798e+02	5.688641e-03	3.520155e+17	2.245950e+18	1.296364e-02
2.320000e+02	1.650042e+02	5.538801e-03	3.426298e+17	2.186139e+18	1.262212e-02
2.330000e+02	1.654371e+02	5.391065e-03	3.333757e+17	2.127165e+18	1.228540e-02
2.340000e+02	1.658783e+02	5.245434e-03	3.242529e+17	2.069030e+18	1.195348e-02
2.350000e+02	1.663275e+02	5.101906e-03	3.152616e+17	2.011731e+18	1.162635e-02
2.360000e+02	1.667844e+02	4.960478e-03	3.064015e+17	1.955269e+18	1.130400e-02
2.370000e+02	1.672486e+02	4.821150e-03	2.976727e+17	1.899643e+18	1.098645e-02
2.380000e+02	1.677198e+02	4.683921e-03	2.890751e+17	1.844854e+18	1.067367e-02
2.390000e+02	1.681978e+02	4.548788e-03	2.806086e+17	1.790901e+18	1.036568e-02
2.400000e+02	1.686822e+02	4.415751e-03	2.722733e+17	1.737783e+18	1.006246e-02
2.410000e+02	1.691727e+02	4.284808e-03	2.640691e+17	1.685500e+18	9.764017e-03
2.420000e+02	1.696689e+02	4.155957e-03	2.559958e+17	1.634053e+18	9.470341e-03
2.430000e+02	1.701707e+02	4.029197e-03	2.480536e+17	1.583440e+18	9.181432e-03
2.440000e+02	1.706776e+02	3.904528e-03	2.402422e+17	1.533661e+18	8.897285e-03
2.450000e+02	1.711893e+02	3.781946e-03	2.325617e+17	1.484717e+18	8.617898e-03
2.460000e+02	1.717056e+02	3.661451e-03	2.250121e+17	1.436606e+18	8.343267e-03
2.470000e+02	1.722261e+02	3.543042e-03	2.175932e+17	1.389328e+18	8.073389e-03
2.480000e+02	1.727505e+02	3.426716e-03	2.103051e+17	1.342884e+18	7.808261e-03
2.490000e+02	1.732785e+02	3.312473e-03	2.031476e+17	1.297272e+18	7.547880e-03
2.500000e+02	1.738098e+02	3.200311e-03	1.961208e+17	1.252493e+18	7.292242e-03
2.510000e+02	1.743441e+02	3.090229e-03	1.892245e+17	1.208546e+18	7.041344e-03
2.520000e+02	1.748810e+02	2.982225e-03	1.824588e+17	1.165431e+18	6.795182e-03
2.530000e+02	1.754203e+02	2.876297e-03	1.758235e+17	1.123147e+18	6.553754e-03
2.540000e+02	1.759616e+02	2.772446e-03	1.693187e+17	1.081695e+18	6.317056e-03
2.550000e+02	1.765046e+02	2.670667e-03	1.629443e+17	1.041073e+18	6.085085e-03
2.560000e+02	1.770491e+02	2.570962e-03	1.567002e+17	1.001282e+18	5.857838e-03
2.570000e+02	1.775946e+02	2.473327e-03	1.505864e+17	9.623218e+17	5.635311e-03
2.580000e+02	1.781409e+02	2.377763e-03	1.446028e+17	9.241912e+17	5.417501e-03
2.590000e+02	1.786877e+02	2.284266e-03	1.387494e+17	8.868904e+17	5.204405e-03
2.600000e+02	1.792346e+02	2.192836e-03	1.330262e+17	8.504189e+17	4.996019e-03
2.610000e+02	1.797814e+02	2.103471e-03	1.274330e+17	8.147765e+17	4.792340e-03
2.620000e+02	1.803277e+02	2.016171e-03	1.219699e+17	7.799629e+17	4.593366e-03
2.630000e+02	1.808733e+02	1.930932e-03	1.166368e+17	7.459777e+17	4.399092e-03
2.640000e+02	1.814177e+02	1.847755e-03	1.114337e+17	7.128207e+17	4.209516e-03
2.650000e+02	1.819607e+02	1.766637e-03	1.063604e+17	6.804915e+17	4.024633e-03
2.660000e+02	1.825021e+02	1.687578e-03	1.014170e+17	6.489898e+17	3.844442e-03
2.670000e+02	1.830414e+02	1.610575e-03	9.660333e+16	6.183153e+17	3.668938e-03
2.680000e+02	1.835783e+02	1.535627e-03	9.191946e+16	5.884678e+17	3.498118e-03
2.690000e+02	1.841126e+02	1.462734e-03	8.736528e+16	5.594468e+17	3.331980e-03
2.700000e+02	1.846439e+02	1.391892e-03	8.294076e+16	5.312521e+17	3.170519e-03
2.710000e+02	1.851719e+02	1.323102e-03	7.864584e+16	5.038834e+17	3.013733e-03
2.720000e+02	1.856964e+02	1.256361e-03	7.448048e+16	4.773404e+17	2.861618e-03
2.730000e+02	1.862169e+02	1.191669e-03	7.044462e+16	4.516227e+17	2.714171e-03
2.740000e+02	1.867332e+02	1.129023e-03	6.653822e+16	4.267301e+17	2.571389e-03
2.750000e+02	1.872450e+02	1.068422e-03	6.276123e+16	4.026622e+17	2.433268e-03
2.760000e+02	1.877519e+02	1.009865e-03	5.911360e+16	3.794188e+17	2.299805e-03
2.770000e+02	1.882537e+02	9.533508e-04	5.559528e+16	3.569995e+17	2.170997e-03
2.780000e+02	1.887500e+02	8.988772e-04	5.220623e+16	3.354040e+17	2.046840e-03
2.790000e+02	1.892405e+02	8.464432e-04	4.894638e+16	3.146320e+17	1.927332e-03
2.800000e+02	1.897249e+02	7.960473e-04	4.581570e+16	2.946831e+17	1.812469e-03
2.810000e+02	1.902030e+02	7.476880e-04	4.281414e+16	2.755572e+17	1.702247e-03
2.820000e+02	1.906742e+02	7.013640e-04	3.994164e+16	2.572539e+17	1.596664e-03
2.830000e+02	1.911385e+02	6.570737e-04	3.719816e+16	2.397728e+17	1.495717e-03
2.840000e+02	1.915954e+02	6.148158e-04	3.458365e+16	2.231137e+17	1.399401e-03
2.850000e+02	1.920447e+02	5.745889e-04	3.209807e+16	2.072762e+17	1.307714e-03
2.860000e+02	1.924859e+02	5.363914e-04	2.974135e+16	1.922601e+17	1.220652e-03
2.870000e+02	1.929189e+02	5.002219e-04	2.751345e+16	1.780650e+17	1.138212e-03
2.880000e+02	1.933433e+02	4.660791e-04	2.541434e+16	1.646906e+17	1.060392e-03
2.890000e+02	1.937588e+02	4.339615e-04	2.344394e+16	1.521366e+17	9.871863e-04
2.900000e+02	1.941651e+02	4.038676e-04	2.160222e+16	1.404027e+17	9.185933e-04
2.910000e+02	1.945618e+02	3.757961e-04	1.988914e+16	1.294887e+17	8.546093e-04
2.920000e+02	1.949487e+02	3.497454e-04	1.830463e+16	1.193941e+17	7.952310e-04
2.930000e+02	1.953254e+02	3.257142e-04	1.684865e+16	1.101187e+17	7.404552e-04
2.940000e+02	1.956916e+02	3.037010e-04	1.552115e+16	1.016621e+17	6.902786e-04
2.950000e+02	1.960471e+02	2.837044e-04	1.432208e+16	9.402410e+16	6.446979e-04
2.960000e+02	1.963914e+02	2.657230e-04	1.325140e+16	8.720435e+16	6.037098e-04
2.970000e+02	1.967243e+02	2.497553e-04	1.230905e+16	8.120254e+16	5.673111e-04
2.980000e+02	1.970456e+02	2.357999e-04	1.149499e+16	7.601836e+16	5.354985e-04
2.990000e+02	1.973547e+02	2.238553e-04	1.080917e+16	7.165149e+16	5.082687e-04
3.000000e+02	1.976516e+02	2.139202e-04	1.025154e+16	6.810164e+16	4.856184e-04
3.010000e+02	1.979357e+02	2.059930e-04	9.822044e+15	6.536848e+16	4.675444e-04
3.020000e+02	1.982070e+02	1.999206e-04	9.510838e+15	6.338938e+16	4.536973e-04
3.030000e+02	1.984661e+02	1.942973e-04	9.227195e+15	6.158730e+16	4.408734e-04
3.040000e+02	1.987137e+02	1.887808e-04	8.949031e+15	5.982172e+16	4.282931e-04
3.050000e+02	1.989506e+02	1.833709e-04	8.676321e+15	5.809236e+16	4.159553e-04
3.060000e+02	1.991772e+02	1.780671e-04	8.409041e+15	5.639895e+16	4.038592e-04
3.070000e+02	1.993942e+02	1.728690e-04	8.147165e+15	5.474122e+16	3.920038e-04
3.080000e+02	1.996023e+02	1.677761e-04	7.890669e+15	5.311891e+16	3.803882e-04
3.090000e+02	1.998020e+02	1.627881e-04	7.639529e+15	5.153175e+16	3.690114e-04
3.100000e+02	1.999940e+02	1.579045e-04	7.393720e+15	4.997947e+16	3.578726e-04
3.110000e+02	2.001788e+02	1.531250e-04	7.153217e+15	4.846180e+16	3.469708e-04
3.120000e+02	2.003571e+02	1.484490e-04	6.917995e+15	4.697848e+16	3.363050e-04
3.130000e+02	2.005295e+02	1.438762e-04	6.688031e+15	4.552924e+16	3.258744e-04
3.140000e+02	2.006966e+02	1.394061e-04	6.463299e+15	4.411381e+16	3.156779e-04
3.150000e+02	2.008591e+02	1.350384e-04	6.243774e+15	4.273191e+16	3.057148e-04
3.160000e+02	2.010175e+02	1.307726e-04	6.029432e+15	4.138329e+16	2.959839e-04
3.170000e+02	2.011725e+02	1.266083e-04	5.820248e+15	4.006768e+16	2.864845e-04
3.180000e+02	2.013246e+02	1.225451e-04	5.616198e+15	3.878481e+16	2.772156e-04
3.190000e+02	2.014745e+02	1.185825e-04	5.417258e+15	3.753440e+16	2.681762e-04
3.200000e+02	2.016228e+02	1.147202e-04	5.223401e+15	3.631620e+16	2.593654e-04
3.210000e+02	2.017702e+02	1.109577e-04	5.034604e+15	3.512994e+16	2.507824e-04
3.220000e+02	2.019172e+02	1.072946e-04	4.850842e+15	3.397534e+16	2.424260e-04
3.230000e+02	2.020644e+02	1.037305e-04	4.672091e+15	3.285214e+16	2.342955e-04
3.240000e+02	2.022125e+02	1.002649e-04	4.498325e+15	3.176007e+16	2.263899e-04
3.250000e+02	2.023621e+02	9.689755e-05	4.329520e+15	3.069887e+16	2.187083e-04
3.260000e+02	2.025137e+02	9.362790e-05	4.165652e+15	2.966826e+16	2.112497e-04
3.270000e+02	2.026681e+02	9.045556e-05	4.006695e+15	2.866798e+16	2.040132e-04
3.280000e+02	2.028258e+02	8.738011e-05	3.852626e+15	2.769776e+16	1.969978e-04
3.290000e+02	2.029874e+02	8.440114e-05	3.703419e+15	2.675733e+16	1.902027e-04
3.300000e+02	2.031536e+02	8.151824e-05	3.559049e+15	2.584642e+16	1.836270e-04
3.310000e+02	2.033250e+02	7.873097e-05	3.419493e+15	2.496478e+16	1.772696e-04
3.320000e+02	2.035021e+02	7.603892e-05	3.284726e+15	2.411212e+16	1.711296e-04
3.330000e+02	2.036857e+02	7.344167e-05	3.154722e+15	2.328818e+16	1.652062e-04
3.340000e+02	2.038762e+02	7.093881e-05	3.029458e+15	2.249270e+16	1.594983e-04
3.350000e+02	2.040744e+02	6.852992e-05	2.908908e+15	2.172540e+16	1.540051e-04
3.360000e+02	2.042808e+02	6.621457e-05	2.793048e+15	2.098601e+16	1.487256e-04
3.370000e+02	2.044961e+02	6.399235e-05	2.681853e+15	2.027428e+16	1.436589e-04
3.380000e+02	2.047209e+02	6.186284e-05	2.575298e+15	1.958993e+16	1.388041e-04
3.390000e+02	2.049557e+02	5.982563e-05	2.473360e+15	1.893270e+16	1.341602e-04
3.400000e+02	2.052013e+02	5.788028e-05	2.376013e+15	1.830231e+16	1.297264e-04
3.410000e+02	2.054581e+02	5.602640e-05	2.283233e+15	1.769849e+16	1.255015e-04
3.420000e+02	2.057269e+02	5.426355e-05	2.194994e+15	1.712099e+16	1.214849e-04
3.430000e+02	2.060083e+02	5.259131e-05	2.111273e+15	1.656953e+16	1.176754e-04
3.440000e+02	2.063028e+02	5.100928e-05	2.032045e+15	1.604385e+16	1.140722e-04
3.450000e+02	2.066111e+02	4.951703e-05	1.957284e+15	1.554367e+16	1.106744e-04
3.460000e+02	2.069338e+02	4.811414e-05	1.886967e+15	1.506874e+16	1.074810e-04
3.470000e+02	2.072714e+02	4.680020e-05	1.821069e+15	1.461877e+16	1.044910e-04
3.480000e+02	2.076248e+02	4.557478e-05	1.759565e+15	1.419351e+16	1.017036e-04
3.490000e+02	2.079943e+02	4.443747e-05	1.702430e+15	1.379268e+16	9.911788e-05
3.500000e+02	2.083807e+02	4.338785e-05	1.649639e+15	1.341602e+16	9.673281e-05
3.510000e+02	2.088486e+02	4.240833e-05	1.600267e+15	1.305854e+16	9.450803e-05
3.520000e+02	2.095794e+02	4.144892e-05	1.551691e+15	1.270641e+16	9.232860e-05
3.530000e+02	2.105751e+02	4.050640e-05	1.503756e+15	1.235885e+16	9.018718e-05
3.540000e+02	2.118262e+02	3.958075e-05	1.456475e+15	1.201593e+16	8.808370e-05
3.550000e+02	2.133229e+02	3.867190e-05	1.409858e+15	1.167772e+16	8.601808e-05
3.560000e+02	2.150556e+02	3.777982e-05	1.363918e+15	1.134431e+16	8.399024e-05
3.570000e+02	2.170145e+02	3.690446e-05	1.318667e+15	1.101576e+16	8.200012e-05
3.580000e+02	2.191900e+02	3.604578e-05	1.274115e+15	1.069216e+16	8.004762e-05
3.590000e+02	2.215723e+02	3.520372e-05	1.230274e+15	1.037358e+16	7.813269e-05
3.600000e+02	2.241517e+02	3.437825e-05	1.187157e+15	1.006009e+16	7.625523e-05
3.610000e+02	2.269187e+02	3.356932e-05	1.144775e+15	9.751782e+15	7.441519e-05
3.620000e+02	2.298633e+02	3.277688e-05	1.103140e+15	9.448718e+15	7.261247e-05
3.630000e+02	2.329761e+02	3.200089e-05	1.062263e+15	9.150978e+15	7.084701e-05
3.640000e+02	2.362472e+02	3.124129e-05	1.022155e+15	8.858639e+15	6.911873e-05
3.650000e+02	2.396670e+02	3.049806e-05	9.828297e+14	8.571776e+15	6.742756e-05
3.660000e+02	2.432258e+02	2.977114e-05	9.442973e+14	8.290466e+15	6.577341e-05
3.670000e+02	2.469138e+02	2.906048e-05	9.065700e+14	8.014784e+15	6.415622e-05
3.680000e+02	2.507214e+02	2.836605e-05	8.696594e+14	7.744806e+15	6.257590e-05
3.690000e+02	2.546390e+02	2.768779e-05	8.335770e+14	7.480609e+15	6.103239e-05
3.700000e+02	2.586567e+02	2.702566e-05	7.983347e+14	7.222269e+15	5.952560e-05
3.710000e+02	2.627649e+02	2.637961e-05	7.639441e+14	6.969861e+15	5.805547e-05
3.720000e+02	2.669539e+02	2.574961e-05	7.304169e+14	6.723462e+15	5.662190e-05
3.730000e+02	2.712140e+02	2.513559e-05	6.977647e+14	6.483148e+15	5.522484e-05
3.740000e+02	2.755356e+02	2.453753e-05	6.659993e+14	6.248994e+15	5.386421e-05
3.750000e+02	2.799088e+02	2.395537e-05	6.351322e+14	6.021077e+15	5.253992e-05
3.760000e+02	2.843240e+02	2.338906e-05	6.051753e+14	5.799473e+15	5.125190e-05
3.770000e+02	2.887716e+02	2.283857e-05	5.761400e+14	5.584258e+15	5.000009e-05
3.780000e+02	2.932418e+02	2.230384e-05	5.480383e+14	5.375507e+15	4.878439e-05
3.790000e+02	2.977249e+02	2.178484e-05	5.208816e+14	5.173297e+15	4.760474e-05
3.800000e+02	3.022113e+02	2.128151e-05	4.946817e+14	4.977704e+15	4.646106e-05
3.810000e+02	3.066911e+02	2.079381e-05	4.694503e+14	4.788804e+15	4.535328e-05
3.820000e+02	3.111548e+02	2.032170e-05	4.451990e+14	4.606674e+15	4.428131e-05
3.830000e+02	3.155927e+02	1.986512e-05	4.219395e+14	4.431387e+15	4.324509e-05
3.840000e+02	3.199950e+02	1.942404e-05	3.996835e+14	4.263022e+15	4.224454e-05
3.850000e+02	3.243521e+02	1.899841e-05	3.784427e+14	4.101655e+15	4.127958e-05
3.860000e+02	3.286542e+02	1.858819e-05	3.582288e+14	3.947360e+15	4.035013e-05
3.870000e+02	3.328916e+02	1.819332e-05	3.390533e+14	3.800214e+15	3.945613e-05
3.880000e+02	3.370547e+02	1.781376e-05	3.209281e+14	3.660293e+15	3.859750e-05
3.890000e+02	3.411338e+02	1.744947e-05	3.038647e+14	3.527674e+15	3.777415e-05
3.900000e+02	3.451192e+02	1.710040e-05	2.878749e+14	3.402431e+15	3.698602e-05
3.910000e+02	3.490011e+02	1.676651e-05	2.729703e+14	3.284642e+15	3.623303e-05
3.920000e+02	3.527699e+02	1.644775e-05	2.591626e+14	3.174382e+15	3.551510e-05
3.930000e+02	3.564159e+02	1.614407e-05	2.464635e+14	3.071728e+15	3.483216e-05
3.940000e+02	3.599293e+02	1.585544e-05	2.348846e+14	2.976754e+15	3.418413e-05
3.950000e+02	3.633006e+02	1.558180e-05	2.244377e+14	2.889538e+15	3.357094e-05
3.960000e+02	3.665199e+02	1.532311e-05	2.151344e+14	2.810156e+15	3.299251e-05
3.970000e+02	3.695776e+02	1.507932e-05	2.069864e+14	2.738682e+15	3.244876e-05
3.980000e+02	3.724641e+02	1.485039e-05	2.000053e+14	2.675195e+15	3.193963e-05
3.990000e+02	3.751695e+02	1.463628e-05	1.942029e+14	2.619768e+15	3.146503e-05
4.000000e+02	3.776842e+02	1.443693e-05	1.895908e+14	2.572479e+15	3.102488e-05
4.010000e+02	3.800439e+02	1.424924e-05	1.858959e+14	2.531513e+15	3.061190e-05
4.020000e+02	3.823749e+02	1.406430e-05	1.822990e+14	2.491429e+15	3.020506e-05
4.030000e+02	3.846856e+02	1.388153e-05	1.787477e+14	2.451875e+15	2.980301e-05
4.040000e+02	3.869763e+02	1.370092e-05	1.752418e+14	2.412850e+15	2.940572e-05
4.050000e+02	3.892472e+02	1.352245e-05	1.717810e+14	2.374348e+15	2.901316e-05
4.060000e+02	3.914986e+02	1.334611e-05	1.683652e+14	2.336366e+15	2.862530e-05
4.070000e+02	3.937306e+02	1.317188e-05	1.649940e+14	2.298900e+15	2.824210e-05
4.080000e+02	3.959434e+02	1.299975e-05	1.616672e+14	2.261946e+15	2.786354e-05
4.090000e+02	3.981374e+02	1.282971e-05	1.583847e+14	2.225501e+15	2.748959e-05
4.100000e+02	4.003127e+02	1.266174e-05	1.551461e+14	2.189561e+15	2.712020e-05
4.110000e+02	4.024696e+02	1.249582e-05	1.519513e+14	2.154121e+15	2.675536e-05
4.120000e+02	4.046083e+02	1.233195e-05	1.487999e+14	2.119179e+15	2.639503e-05
4.130000e+02	4.067290e+02	1.217010e-05	1.456919e+14	2.084730e+15	2.603918e-05
4.140000e+02	4.088319e+02	1.201027e-05	1.426268e+14	2.050770e+15	2.568778e-05
4.150000e+02	4.109173e+02	1.185244e-05	1.396046e+14	2.017295e+15	2.534079e-05
4.160000e+02	4.129854e+02	1.169659e-05	1.366249e+14	1.984303e+15	2.499820e-05
4.170000e+02	4.150364e+02	1.154271e-05	1.336876e+14	1.951788e+15	2.465995e-05
4.180000e+02	4.170706e+02	1.139079e-05	1.307924e+14	1.919748e+15	2.432604e-05
4.190000e+02	4.190881e+02	1.124081e-05	1.279390e+14	1.888178e+15	2.399641e-05
4.200000e+02	4.210893e+02	1.109275e-05	1.251272e+14	1.857074e+15	2.367105e-05
4.210000e+02	4.230743e+02	1.094661e-05	1.223569e+14	1.826433e+15	2.334992e-05
4.220000e+02	4.250434e+02	1.080237e-05	1.196277e+14	1.796251e+15	2.303300e-05
4.230000e+02	4.269967e+02	1.066001e-05	1.169394e+14	1.766524e+15	2.272024e-05
4.240000e+02	4.289346e+02	1.051952e-05	1.142919e+14	1.737248e+15	2.241162e-05
4.250000e+02	4.308572e+02	1.038089e-05	1.116848e+14	1.708419e+15	2.210710e-05
4.260000e+02	4.327648e+02	1.024410e-05	1.091179e+14	1.680034e+15	2.180667e-05
4.270000e+02	4.346576e+02	1.010913e-05	1.065910e+14	1.652089e+15	2.151028e-05
4.280000e+02	4.365358e+02	9.975982e-06	1.041039e+14	1.624580e+15	2.121790e-05
4.290000e+02	4.383996e+02	9.844628e-06	1.016562e+14	1.597503e+15	2.092951e-05
4.300000e+02	4.402494e+02	9.715057e-06	9.924791e+13	1.570854e+15	2.064506e-05
4.310000e+02	4.420852e+02	9.587256e-06	9.687864e+13	1.544629e+15	2.036454e-05
4.320000e+02	4.439074e+02	9.461210e-06	9.454818e+13	1.518826e+15	2.008791e-05
4.330000e+02	4.457161e+02	9.336905e-06	9.225632e+13	1.493439e+15	1.981514e-05
4.340000e+02	4.475117e+02	9.214326e-06	9.000280e+13	1.468465e+15	1.954620e-05
4.350000e+02	4.492942e+02	9.093460e-06	8.778740e+13	1.443900e+15	1.928105e-05
4.360000e+02	4.510640e+02	8.974291e-06	8.560988e+13	1.419741e+15	1.901967e-05
4.370000e+02	4.528213e+02	8.856805e-06	8.347002e+13	1.395983e+15	1.876202e-05
4.380000e+02	4.545663e+02	8.740988e-06	8.136756e+13	1.372623e+15	1.850808e-05
4.390000e+02	4.562992e+02	8.626826e-06	7.930229e+13	1.349657e+15	1.825781e-05
4.400000e+02	4.580202e+02	8.514304e-06	7.727397e+13	1.327081e+15	1.801118e-05
4.410000e+02	4.597296e+02	8.403408e-06	7.528235e+13	1.304892e+15	1.776817e-05
4.420000e+02	4.614277e+02	8.294124e-06	7.332722e+13	1.283085e+15	1.752873e-05
4.430000e+02	4.631146e+02	8.186437e-06	7.140833e+13	1.261656e+15	1.729284e-05
4.440000e+02	4.647905e+02	8.080333e-06	6.952545e+13	1.240602e+15	1.706047e-05
4.450000e+02	4.664557e+02	7.975797e-06	6.767834e+13	1.219920e+15	1.683158e-05
4.460000e+02	4.681105e+02	7.872815e-06	6.586678e+13	1.199604e+15	1.660615e-05
4.470000e+02	4.697549e+02	7.771374e-06	6.409052e+13	1.179652e+15	1.638415e-05
4.480000e+02	4.713894e+02	7.671457e-06	6.234934e+13	1.160060e+15	1.616553e-05
4.490000e+02	4.730141e+02	7.573052e-06	6.064299e+13	1.140823e+15	1.595028e-05
4.500000e+02	4.746291e+02	7.476144e-06	5.897126e+13	1.121938e+15	1.573836e-05
4.510000e+02	4.762349e+02	7.380718e-06	5.733389e+13	1.103401e+15	1.552974e-05
4.520000e+02	4.778315e+02	7.286760e-06	5.573066e+13	1.085209e+15	1.532439e-05
4.530000e+02	4.794192e+02	7.194256e-06	5.416133e+13	1.067357e+15	1.512228e-05
4.540000e+02	4.809983e+02	7.103192e-06	5.262567e+13	1.049841e+15	1.492338e-05
4.550000e+02	4.825689e+02	7.013552e-06	5.112344e+13	1.032659e+15	1.472765e-05
4.560000e+02	4.841313e+02	6.925323e-06	4.965441e+13	1.015805e+15	1.453506e-05
4.570000e+02	4.856858e+02	6.838490e-06	4.821835e+13	9.992771e+14	1.434559e-05
4.580000e+02	4.872324e+02	6.753040e-06	4.681503e+13	9.830701e+14	1.415921e-05
4.590000e+02	4.887716e+02	6.668957e-06	4.544420e+13	9.671807e+14	1.397587e-05
4.600000e+02	4.903034e+02	6.586227e-06	4.410563e+13	9.516050e+14	1.379555e-05
4.610000e+02	4.918282e+02	6.504836e-06	4.279909e+13	9.363392e+14	1.361823e-05
4.620000e+02	4.933461e+02	6.424770e-06	4.152435e+13	9.213795e+14	1.344386e-05
4.630000e+02	4.948574e+02	6.346014e-06	4.028116e+13	9.067221e+14	1.327242e-05
4.640000e+02	4.963624e+02	6.268554e-06	3.906931e+13	8.923632e+14	1.310388e-05
4.650000e+02	4.978611e+02	6.192376e-06	3.788855e+13	8.782988e+14	1.293820e-05
4.660000e+02	4.993539e+02	6.117464e-06	3.673864e+13	8.645254e+14	1.277536e-05
4.670000e+02	5.008410e+02	6.043806e-06	3.561936e+13	8.510389e+14	1.261532e-05
4.680000e+02	5.023227e+02	5.971386e-06	3.453048e+13	8.378356e+14	1.245805e-05
4.690000e+02	5.037990e+02	5.900190e-06	3.347174e+13	8.249116e+14	1.230353e-05
4.700000e+02	5.052704e+02	5.830204e-06	3.244293e+13	8.122632e+14	1.215171e-05
4.710000e+02	5.067369e+02	5.761413e-06	3.144381e+13	7.998865e+14	1.200257e-05
4.720000e+02	5.081989e+02	5.693804e-06	3.047414e+13	7.877778e+14	1.185608e-05
4.730000e+02	5.096565e+02	5.627361e-06	2.953369e+13	7.759331e+14	1.171221e-05
4.740000e+02	5.111100e+02	5.562070e-06	2.862222e+13	7.643487e+14	1.157093e-05
4.750000e+02	5.125596e+02	5.497918e-06	2.773951e+13	7.530207e+14	1.143220e-05
4.760000e+02	5.140056e+02	5.434889e-06	2.688531e+13	7.419454e+14	1.129599e-05
4.770000e+02	5.154481e+02	5.372970e-06	2.605940e+13	7.311189e+14	1.116227e-05
4.780000e+02	5.168874e+02	5.312146e-06	2.526153e+13	7.205373e+14	1.103102e-05
4.790000e+02	5.183237e+02	5.252402e-06	2.449148e+13	7.101970e+14	1.090220e-05
4.800000e+02	5.197573e+02	5.193724e-06	2.374901e+13	7.000940e+14	1.077578e-05
4.810000e+02	5.211883e+02	5.136099e-06	2.303389e+13	6.902245e+14	1.065173e-05
4.820000e+02	5.226170e+02	5.079511e-06	2.234588e+13	6.805848e+14	1.053001e-05
4.830000e+02	5.240437e+02	5.023947e-06	2.168475e+13	6.711709e+14	1.041060e-05
4.840000e+02	5.254685e+02	4.969391e-06	2.105026e+13	6.619792e+14	1.029347e-05
4.850000e+02	5.268917e+02	4.915830e-06	2.044218e+13	6.530057e+14	1.017858e-05
4.860000e+02	5.283135e+02	4.863249e-06	1.986027e+13	6.442466e+14	1.006590e-05
4.870000e+02	5.297342e+02	4.811634e-06	1.930431e+13	6.356982e+14	9.955411e-06
4.880000e+02	5.311539e+02	4.760970e-06	1.877405e+13	6.273565e+14	9.847069e-06
4.890000e+02	5.325729e+02	4.711243e-06	1.826927e+13	6.192179e+14	9.740847e-06
4.900000e+02	5.339914e+02	4.662440e-06	1.778973e+13	6.112784e+14	9.636715e-06
4.910000e+02	5.354096e+02	4.614545e-06	1.733519e+13	6.035343e+14	9.534640e-06
4.920000e+02	5.368279e+02	4.567543e-06	1.690542e+13	5.959817e+14	9.434593e-06
4.930000e+02	5.382463e+02	4.521422e-06	1.650019e+13	5.886168e+14	9.336542e-06
4.940000e+02	5.396652e+02	4.476166e-06	1.611926e+13	5.814358e+14	9.240456e-06
4.950000e+02	5.410847e+02	4.431761e-06	1.576240e+13	5.744349e+14	9.146304e-06
4.960000e+02	5.425051e+02	4.388193e-06	1.542937e+13	5.676102e+14	9.054055e-06
4.970000e+02	5.439266e+02	4.345447e-06	1.511994e+13	5.609580e+14	8.963678e-06
4.980000e+02	5.453494e+02	4.303509e-06	1.483388e+13	5.544744e+14	8.875142e-06
4.990000e+02	5.467738e+02	4.262365e-06	1.457095e+13	5.481555e+14	8.788415e-06
5.000000e+02	5.482000e+02	4.222000e-06	1.433092e+13	5.419977e+14	8.703467e-06
5.010000e+02	5.496263e+02	4.182212e-06	1.410346e+13	5.359502e+14	8.619810e-06
5.020000e+02	5.510510e+02	4.142807e-06	1.387841e+13	5.299645e+14	8.536971e-06
5.030000e+02	5.524738e+02	4.103781e-06	1.365575e+13	5.240405e+14	8.454947e-06
5.040000e+02	5.538948e+02	4.065133e-06	1.343548e+13	5.181776e+14	8.373732e-06
5.050000e+02	5.553139e+02	4.026861e-06	1.321758e+13	5.123756e+14	8.293319e-06
5.060000e+02	5.567310e+02	3.988961e-06	1.300205e+13	5.066340e+14	8.213704e-06
5.070000e+02	5.581460e+02	3.951431e-06	1.278889e+13	5.009526e+14	8.134882e-06
5.080000e+02	5.595589e+02	3.914269e-06	1.257807e+13	4.953308e+14	8.056847e-06
5.090000e+02	5.609697e+02	3.877471e-06	1.236960e+13	4.897684e+14	7.979593e-06
5.100000e+02	5.623781e+02	3.841037e-06	1.216347e+13	4.842650e+14	7.903116e-06
5.110000e+02	5.637842e+02	3.804963e-06	1.195966e+13	4.788203e+14	7.827409e-06
5.120000e+02	5.651879e+02	3.769247e-06	1.175817e+13	4.734338e+14	7.752468e-06
5.130000e+02	5.665891e+02	3.733885e-06	1.155898e+13	4.681052e+14	7.678287e-06
5.140000e+02	5.679877e+02	3.698877e-06	1.136210e+13	4.628341e+14	7.604861e-06
5.150000e+02	5.693838e+02	3.664219e-06	1.116751e+13	4.576202e+14	7.532185e-06
5.160000e+02	5.707771e+02	3.629909e-06	1.097521e+13	4.524630e+14	7.460252e-06
5.170000e+02	5.721677e+02	3.595944e-06	1.078518e+13	4.473623e+14	7.389058e-06
5.180000e+02	5.735554e+02	3.562322e-06	1.059742e+13	4.423177e+14	7.318597e-06
5.190000e+02	5.749403e+02	3.529041e-06	1.041191e+13	4.373288e+14	7.248864e-06
5.200000e+02	5.763221e+02	3.496097e-06	1.022866e+13	4.323952e+14	7.179854e-06
5.210000e+02	5.777010e+02	3.463489e-06	1.004765e+13	4.275165e+14	7.111560e-06
5.220000e+02	5.790767e+02	3.431214e-06	9.868865e+12	4.226925e+14	7.043979e-06
5.230000e+02	5.804492e+02	3.399269e-06	9.692309e+12	4.179226e+14	6.977104e-06
5.240000e+02	5.818185e+02	3.367652e-06	9.517968e+12	4.132067e+14	6.910929e-06
5.250000e+02	5.831844e+02	3.336361e-06	9.345834e+12	4.085442e+14	6.845451e-06
5.260000e+02	5.845469e+02	3.305393e-06	9.175899e+12	4.039349e+14	6.780662e-06
5.270000e+02	5.859060e+02	3.274745e-06	9.008154e+12	3.993783e+14	6.716559e-06
5.280000e+02	5.872616e+02	3.244416e-06	8.842591e+12	3.948741e+14	6.653135e-06
5.290000e+02	5.886135e+02	3.214402e-06	8.679201e+12	3.904220e+14	6.590385e-06
5.300000e+02	5.899617e+02	3.184701e-06	8.517975e+12	3.860215e+14	6.528304e-06
5.310000e+02	5.913062e+02	3.155311e-06	8.358905e+12	3.816723e+14	6.466886e-06
5.320000e+02	5.926469e+02	3.126230e-06	8.201983e+12	3.773740e+14	6.406126e-06
5.330000e+02	5.939837e+02	3.097453e-06	8.047199e+12	3.731263e+14	6.346018e-06
5.340000e+02	5.953166e+02	3.068981e-06	7.894546e+12	3.689289e+14	6.286558e-06
5.350000e+02	5.966454e+02	3.040808e-06	7.744015e+12	3.647812e+14	6.227740e-06
5.360000e+02	5.979701e+02	3.012934e-06	7.595597e+12	3.606830e+14	6.169558e-06
5.370000e+02	5.992906e+02	2.985356e-06	7.449284e+12	3.566339e+14	6.112007e-06
5.380000e+02	6.006069e+02	2.958072e-06	7.305068e+12	3.526335e+14	6.055082e-06
5.390000e+02	6.019189e+02	2.931078e-06	7.162939e+12	3.486815e+14	5.998777e-06
5.400000e+02	6.032265e+02	2.904372e-06	7.022889e+12	3.447775e+14	5.943087e-06
5.410000e+02	6.045296e+02	2.877952e-06	6.884910e+12	3.409211e+14	5.888007e-06
5.420000e+02	6.058282e+02	2.851816e-06	6.748994e+12	3.371120e+14	5.833531e-06
5.430000e+02	6.071223e+02	2.825961e-06	6.615131e+12	3.333498e+14	5.779653e-06
5.440000e+02	6.084116e+02	2.800384e-06	6.483313e+12	3.296341e+14	5.726369e-06
5.450000e+02	6.096963e+02	2.775083e-06	6.353532e+12	3.259646e+14	5.673673e-06
5.460000e+02	6.109761e+02	2.750055e-06	6.225779e+12	3.223408e+14	5.621560e-06
5.470000e+02	6.122510e+02	2.725299e-06	6.100045e+12	3.187625e+14	5.570024e-06
5.480000e+02	6.135211e+02	2.700811e-06	5.976323e+12	3.152293e+14	5.519060e-06
5.490000e+02	6.147860e+02	2.676589e-06	5.854603e+12	3.117408e+14	5.468663e-06
5.500000e+02	6.160459e+02	2.652631e-06	5.734877e+12	3.082966e+14	5.418827e-06
5.510000e+02	6.173007e+02	2.628933e-06	5.617137e+12	3.048964e+14	5.369546e-06
5.520000e+02	6.185502e+02	2.605495e-06	5.501374e+12	3.015397e+14	5.320816e-06
5.530000e+02	6.197944e+02	2.582312e-06	5.387579e+12	2.982263e+14	5.272631e-06
5.540000e+02	6.210333e+02	2.559383e-06	5.275744e+12	2.949558e+14	5.224985e-06
5.550000e+02	6.222667e+02	2.536706e-06	5.165860e+12	2.917278e+14	5.177874e-06
5.560000e+02	6.234946e+02	2.514277e-06	5.057919e+12	2.885418e+14	5.131292e-06
5.570000e+02	6.247169e+02	2.492094e-06	4.951913e+12	2.853977e+14	5.085233e-06
5.580000e+02	6.259336e+02	2.470155e-06	4.847832e+12	2.822950e+14	5.039692e-06
5.590000e+02	6.271446e+02	2.448458e-06	4.745669e+12	2.792333e+14	4.994665e-06
5.600000e+02	6.283497e+02	2.426999e-06	4.645415e+12	2.762122e+14	4.950144e-06
5.610000e+02	6.295490e+02	2.405776e-06	4.547061e+12	2.732315e+14	4.906126e-06
5.620000e+02	6.307424e+02	2.384787e-06	4.450598e+12	2.702907e+14	4.862604e-06
5.630000e+02	6.319298e+02	2.364030e-06	4.356019e+12	2.673895e+14	4.819573e-06
5.640000e+02	6.331111e+02	2.343501e-06	4.263314e+12	2.645274e+14	4.777028e-06
5.650000e+02	6.342863e+02	2.323199e-06	4.172476e+12	2.617042e+14	4.734964e-06
5.660000e+02	6.354552e+02	2.303121e-06	4.083495e+12	2.589195e+14	4.693375e-06
5.670000e+02	6.366179e+02	2.283264e-06	3.996363e+12	2.561728e+14	4.652255e-06
5.680000e+02	6.377742e+02	2.263627e-06	3.911072e+12	2.534639e+14	4.611600e-06
5.690000e+02	6.389241e+02	2.244205e-06	3.827613e+12	2.507924e+14	4.571404e-06
5.700000e+02	6.400674e+02	2.224998e-06	3.745978e+12	2.481579e+14	4.531662e-06
5.710000e+02	6.412043e+02	2.206002e-06	3.666157e+12	2.455600e+14	4.492367e-06
5.720000e+02	6.423345e+02	2.187215e-06	3.588143e+12	2.429983e+14	4.453516e-06
5.730000e+02	6.434579e+02	2.168635e-06	3.511927e+12	2.404726e+14	4.415102e-06
5.740000e+02	6.445747e+02	2.150259e-06	3.437500e+12	2.379824e+14	4.377120e-06
5.750000e+02	6.456845e+02	2.132085e-06	3.364854e+12	2.355274e+14	4.339565e-06
5.760000e+02	6.467875e+02	2.114110e-06	3.293981e+12	2.331072e+14	4.302431e-06
5.770000e+02	6.478834e+02	2.096331e-06	3.224872e+12	2.307214e+14	4.265713e-06
5.780000e+02	6.489723e+02	2.078746e-06	3.157517e+12	2.283696e+14	4.229406e-06
5.790000e+02	6.500541e+02	2.061354e-06	3.091910e+12	2.260516e+14	4.193504e-06
5.800000e+02	6.511287e+02	2.044150e-06	3.028041e+12	2.237669e+14	4.158002e-06
5.810000e+02	6.521960e+02	2.027133e-06	2.965902e+12	2.215152e+14	4.122894e-06
5.820000e+02	6.532559e+02	2.010301e-06	2.905484e+12	2.192961e+14	4.088175e-06
5.830000e+02	6.543085e+02	1.993650e-06	2.846778e+12	2.171092e+14	4.053840e-06
5.840000e+02	6.553536e+02	1.977179e-06	2.789777e+12	2.149542e+14	4.019883e-06
5.850000e+02	6.563911e+02	1.960884e-06	2.734471e+12	2.128307e+14	3.986299e-06
5.860000e+02	6.574210e+02	1.944764e-06	2.680853e+12	2.107383e+14	3.953083e-06
5.870000e+02	6.584432e+02	1.928816e-06	2.628913e+12	2.086767e+14	3.920229e-06
5.880000e+02	6.594577e+02	1.913037e-06	2.578644e+12	2.066455e+14	3.887732e-06
5.890000e+02	6.604643e+02	1.897425e-06	2.530036e+12	2.046444e+14	3.855586e-06
5.900000e+02	6.614630e+02	1.881977e-06	2.483081e+12	2.026729e+14	3.823786e-06
5.910000e+02	6.624537e+02	1.866691e-06	2.437770e+12	2.007307e+14	3.792327e-06
5.920000e+02	6.634364e+02	1.851565e-06	2.394095e+12	1.988174e+14	3.761203e-06
5.930000e+02	6.644110e+02	1.836596e-06	2.352048e+12	1.969327e+14	3.730409e-06
5.940000e+02	6.653774e+02	1.821781e-06	2.311620e+12	1.950762e+14	3.699940e-06
5.950000e+02	6.663356e+02	1.807119e-06	2.272803e+12	1.932476e+14	3.669789e-06
5.960000e+02	6.672854e+02	1.792606e-06	2.235587e+12	1.914464e+14	3.639953e-06
5.970000e+02	6.682268e+02	1.778240e-06	2.199964e+12	1.896724e+14	3.610425e-06
5.980000e+02	6.691598e+02	1.764019e-06	2.165927e+12	1.879250e+14	3.581200e-06
5.990000e+02	6.700842e+02	1.749939e-06	2.133465e+12	1.862041e+14	3.552272e-06
6.000000e+02	6.710000e+02	1.736000e-06	2.102572e+12	1.845091e+14	3.523637e-06
6.010000e+02	6.719057e+02	1.722173e-06	2.072599e+12	1.828338e+14	3.495238e-06
6.020000e+02	6.727998e+02	1.708434e-06	2.042904e+12	1.811721e+14	3.467021e-06
6.030000e+02	6.736827e+02	1.694781e-06	2.013486e+12	1.795239e+14	3.438988e-06
6.040000e+02	6.745546e+02	1.681216e-06	1.984346e+12	1.778891e+14	3.411137e-06
6.050000e+02	6.754157e+02	1.667738e-06	1.955482e+12	1.762678e+14	3.383469e-06
6.060000e+02	6.762662e+02	1.654347e-06	1.926894e+12	1.746597e+14	3.355982e-06
6.070000e+02	6.771065e+02	1.641043e-06	1.898581e+12	1.730649e+14	3.328678e-06
6.080000e+02	6.779367e+02	1.627825e-06	1.870543e+12	1.714834e+14	3.301556e-06
6.090000e+02	6.787570e+02	1.614695e-06	1.842779e+12	1.699150e+14	3.274616e-06
6.100000e+02	6.795678e+02	1.601651e-06	1.815288e+12	1.683597e+14	3.247857e-06
6.110000e+02	6.803693e+02	1.588694e-06	1.788071e+12	1.668174e+14	3.221280e-06
6.120000e+02	6.811617e+02	1.575824e-06	1.761126e+12	1.652881e+14	3.194884e-06
6.130000e+02	6.819452e+02	1.563040e-06	1.734452e+12	1.637717e+14	3.168669e-06
6.140000e+02	6.827201e+02	1.550343e-06	1.708050e+12	1.622682e+14	3.142634e-06
6.150000e+02	6.834866e+02	1.537733e-06	1.681919e+12	1.607775e+14	3.116781e-06
6.160000e+02	6.842450e+02	1.525208e-06	1.656058e+12	1.592995e+14	3.091108e-06
6.170000e+02	6.849956e+02	1.512770e-06	1.630466e+12	1.578343e+14	3.065616e-06
6.180000e+02	6.857384e+02	1.500419e-06	1.605144e+12	1.563816e+14	3.040303e-06
6.190000e+02	6.864739e+02	1.488153e-06	1.580089e+12	1.549415e+14	3.015171e-06
6.200000e+02	6.872022e+02	1.475974e-06	1.555303e+12	1.535140e+14	2.990218e-06
6.210000e+02	6.879235e+02	1.463881e-06	1.530784e+12	1.520989e+14	2.965446e-06
6.220000e+02	6.886382e+02	1.451874e-06	1.506531e+12	1.506962e+14	2.940852e-06
6.230000e+02	6.893465e+02	1.439953e-06	1.482545e+12	1.493058e+14	2.916438e-06
6.240000e+02	6.900485e+02	1.428118e-06	1.458824e+12	1.479277e+14	2.892203e-06
6.250000e+02	6.907446e+02	1.416369e-06	1.435368e+12	1.465618e+14	2.868148e-06
6.260000e+02	6.914349e+02	1.404705e-06	1.412176e+12	1.452081e+14	2.844271e-06
6.270000e+02	6.921198e+02	1.393127e-06	1.389249e+12	1.438665e+14	2.820572e-06
6.280000e+02	6.927994e+02	1.381635e-06	1.366584e+12	1.425369e+14	2.797052e-06
6.290000e+02	6.934740e+02	1.370229e-06	1.344182e+12	1.412193e+14	2.773710e-06
6.300000e+02	6.941439e+02	1.358908e-06	1.322043e+12	1.399137e+14	2.750547e-06
6.310000e+02	6.948092e+02	1.347672e-06	1.300164e+12	1.386199e+14	2.727561e-06
6.320000e+02	6.954703e+02	1.336522e-06	1.278547e+12	1.373379e+14	2.704753e-06
6.330000e+02	6.961273e+02	1.325458e-06	1.257190e+12	1.360677e+14	2.682123e-06
6.340000e+02	6.967806e+02	1.314479e-06	1.236093e+12	1.348092e+14	2.659670e-06
6.350000e+02	6.974303e+02	1.303585e-06	1.215255e+12	1.335623e+14	2.637394e-06
6.360000e+02	6.980766e+02	1.292776e-06	1.194676e+12	1.323269e+14	2.615296e-06
6.370000e+02	6.987199e+02	1.282052e-06	1.174355e+12	1.311032e+14	2.593374e-06
6.380000e+02	6.993604e+02	1.271413e-06	1.154291e+12	1.298908e+14	2.571629e-06
6.390000e+02	6.999983e+02	1.260860e-06	1.134485e+12	1.286899e+14	2.550061e-06
6.400000e+02	7.006338e+02	1.250391e-06	1.114934e+12	1.275003e+14	2.528669e-06
6.410000e+02	7.012672e+02	1.240007e-06	1.095640e+12	1.263220e+14	2.507453e-06
6.420000e+02	7.018988e+02	1.229708e-06	1.076600e+12	1.251549e+14	2.486413e-06
6.430000e+02	7.025287e+02	1.219494e-06	1.057816e+12	1.239990e+14	2.465549e-06
6.440000e+02	7.031573e+02	1.209365e-06	1.039285e+12	1.228542e+14	2.444861e-06
6.450000e+02	7.037846e+02	1.199320e-06	1.021008e+12	1.217205e+14	2.424348e-06
6.460000e+02	7.044111e+02	1.189360e-06	1.002984e+12	1.205977e+14	2.404010e-06
6.470000e+02	7.050370e+02	1.179484e-06	9.852117e+11	1.194859e+14	2.383848e-06
6.480000e+02	7.056624e+02	1.169692e-06	9.676916e+11	1.183850e+14	2.363860e-06
6.490000e+02	7.062876e+02	1.159986e-06	9.504227e+11	1.172948e+14	2.344048e-06
6.500000e+02	7.069129e+02	1.150363e-06	9.334044e+11	1.162155e+14	2.324410e-06
6.510000e+02	7.075385e+02	1.140825e-06	9.166361e+11	1.151468e+14	2.304946e-06
6.520000e+02	7.081646e+02	1.131371e-06	9.001174e+11	1.140888e+14	2.285657e-06
6.530000e+02	7.087915e+02	1.122001e-06	8.838475e+11	1.130414e+14	2.266542e-06
6.540000e+02	7.094194e+02	1.112715e-06	8.678260e+11	1.120044e+14	2.247601e-06
6.550000e+02	7.100486e+02	1.103513e-06	8.520522e+11	1.109780e+14	2.228834e-06
6.560000e+02	7.106793e+02	1.094395e-06	8.365257e+11	1.099620e+14	2.210240e-06
6.570000e+02	7.113117e+02	1.085361e-06	8.212457e+11	1.089563e+14	2.191819e-06
6.580000e+02	7.119461e+02	1.076411e-06	8.062118e+11	1.079609e+14	2.173572e-06
6.590000e+02	7.125828e+02	1.067545e-06	7.914233e+11	1.069758e+14	2.155498e-06
6.600000e+02	7.132219e+02	1.058762e-06	7.768797e+11	1.060008e+14	2.137597e-06
6.610000e+02	7.138638e+02	1.050064e-06	7.625805e+11	1.050359e+14	2.119868e-06
6.620000e+02	7.145085e+02	1.041448e-06	7.485250e+11	1.040811e+14	2.102312e-06
6.630000e+02	7.151565e+02	1.032917e-06	7.347126e+11	1.031363e+14	2.084929e-06
6.640000e+02	7.158079e+02	1.024468e-06	7.211429e+11	1.022015e+14	2.067717e-06
6.650000e+02	7.164630e+02	1.016104e-06	7.078152e+11	1.012765e+14	2.050678e-06
6.660000e+02	7.171220e+02	1.007822e-06	6.947289e+11	1.003613e+14	2.033810e-06
6.670000e+02	7.177851e+02	9.996239e-07	6.818835e+11	9.945596e+13	2.017115e-06
6.680000e+02	7.184526e+02	9.915090e-07	6.692785e+11	9.856029e+13	2.000590e-06
6.690000e+02	7.191248e+02	9.834772e-07	6.569131e+11	9.767426e+13	1.984237e-06
6.700000e+02	7.198018e+02	9.755286e-07	6.447870e+11	9.679783e+13	1.968055e-06
6.710000e+02	7.204840e+02	9.676630e-07	6.328994e+11	9.593093e+13	1.952044e-06
6.720000e+02	7.211715e+02	9.598804e-07	6.212498e+11	9.507351e+13	1.936204e-06
6.730000e+02	7.218647e+02	9.521808e-07	6.098376e+11	9.422550e+13	1.920535e-06
6.740000e+02	7.225636e+02	9.445640e-07	5.986624e+11	9.338685e+13	1.905036e-06
6.750000e+02	7.232687e+02	9.370301e-07	5.877234e+11	9.255750e+13	1.889707e-06
6.760000e+02	7.239800e+02	9.295788e-07	5.770201e+11	9.173739e+13	1.874549e-06
6.770000e+02	7.246979e+02	9.222103e-07	5.665520e+11	9.092647e+13	1.859560e-06
6.780000e+02	7.254227e+02	9.149244e-07	5.563185e+11	9.012467e+13	1.844741e-06
6.790000e+02	7.261545e+02	9.077211e-07	5.463189e+11	8.933193e+13	1.830092e-06
6.800000e+02	7.268935e+02	9.006003e-07	5.365528e+11	8.854821e+13	1.815612e-06
6.810000e+02	7.276401e+02	8.935619e-07	5.270195e+11	8.777343e+13	1.801301e-06
6.820000e+02	7.283945e+02	8.866059e-07	5.177186e+11	8.700754e+13	1.787159e-06
6.830000e+02	7.291568e+02	8.797323e-07	5.086493e+11	8.625048e+13	1.773187e-06
6.840000e+02	7.299274e+02	8.729409e-07	4.998111e+11	8.550220e+13	1.759383e-06
6.850000e+02	7.307065e+02	8.662317e-07	4.912035e+11	8.476264e+13	1.745747e-06
6.860000e+02	7.314944e+02	8.596046e-07	4.828260e+11	8.403173e+13	1.732280e-06
6.870000e+02	7.322912e+02	8.530596e-07	4.746778e+11	8.330942e+13	1.718981e-06
6.880000e+02	7.330972e+02	8.465967e-07	4.667584e+11	8.259565e+13	1.705851e-06
6.890000e+02	7.339126e+02	8.402156e-07	4.590673e+11	8.189036e+13	1.692887e-06
6.900000e+02	7.347378e+02	8.339165e-07	4.516040e+11	8.119350e+13	1.680092e-06
6.910000e+02	7.355729e+02	8.276993e-07	4.443677e+11	8.050500e+13	1.667464e-06
6.920000e+02	7.364182e+02	8.215638e-07	4.373580e+11	7.982481e+13	1.655004e-06
6.930000e+02	7.372739e+02	8.155100e-07	4.305742e+11	7.915287e+13	1.642710e-06
6.940000e+02	7.381402e+02	8.095379e-07	4.240159e+11	7.848911e+13	1.630584e-06
6.950000e+02	7.390175e+02	8.036473e-07	4.176824e+11	7.783349e+13	1.618625e-06
6.960000e+02	7.399059e+02	7.978383e-07	4.115731e+11	7.718594e+13	1.606832e-06
6.970000e+02	7.408056e+02	7.921108e-07	4.056875e+11	7.654641e+13	1.595205e-06
6.980000e+02	7.417170e+02	7.864646e-07	4.000250e+11	7.591483e+13	1.583745e-06
6.990000e+02	7.426403e+02	7.808998e-07	3.945851e+11	7.529115e+13	1.572451e-06
7.000000e+02	7.435780e+02	7.754130e-07	3.893530e+11	7.467496e+13	1.561316e-06
7.010000e+02	7.445522e+02	7.699732e-07	3.841980e+11	7.406302e+13	1.550277e-06
7.020000e+02	7.455673e+02	7.645728e-07	3.790882e+11	7.345455e+13	1.539319e-06
7.030000e+02	7.466223e+02	7.592115e-07	3.740236e+11	7.284956e+13	1.528441e-06
7.040000e+02	7.477160e+02	7.538893e-07	3.690041e+11	7.224807e+13	1.517642e-06
7.050000e+02	7.488475e+02	7.486058e-07	3.640297e+11	7.165007e+13	1.506923e-06
7.060000e+02	7.500156e+02	7.433609e-07	3.591003e+11	7.105559e+13	1.496282e-06
7.070000e+02	7.512194e+02	7.381544e-07	3.542157e+11	7.046464e+13	1.485721e-06
7.080000e+02	7.524578e+02	7.329861e-07	3.493761e+11	6.987721e+13	1.475237e-06
7.090000e+02	7.537297e+02	7.278558e-07	3.445812e+11	6.929334e+13	1.464831e-06
7.100000e+02	7.550341e+02	7.227634e-07	3.398310e+11	6.871302e+13	1.454502e-06
7.110000e+02	7.563699e+02	7.177086e-07	3.351255e+11	6.813627e+13	1.444251e-06
7.120000e+02	7.577361e+02	7.126913e-07	3.304646e+11	6.756309e+13	1.434076e-06
7.130000e+02	7.591316e+02	7.077112e-07	3.258482e+11	6.699351e+13	1.423977e-06
7.140000e+02	7.605554e+02	7.027682e-07	3.212763e+11	6.642752e+13	1.413953e-06
7.150000e+02	7.620065e+02	6.978621e-07	3.167488e+11	6.586514e+13	1.404006e-06
7.160000e+02	7.634837e+02	6.929926e-07	3.122656e+11	6.530638e+13	1.394133e-06
7.170000e+02	7.649860e+02	6.881597e-07	3.078267e+11	6.475125e+13	1.384334e-06
7.180000e+02	7.665125e+02	6.833631e-07	3.034320e+11	6.419977e+13	1.374610e-06
7.190000e+02	7.680619e+02	6.786025e-07	2.990814e+11	6.365193e+13	1.364960e-06
7.200000e+02	7.696334e+02	6.738779e-07	2.947749e+11	6.310776e+13	1.355383e-06
7.210000e+02	7.712257e+02	6.691891e-07	2.905123e+11	6.256726e+13	1.345879e-06
7.220000e+02	7.728379e+02	6.645357e-07	2.862938e+11	6.203045e+13	1.336448e-06
7.230000e+02	7.744690e+02	6.599178e-07	2.821191e+11	6.149732e+13	1.327089e-06
7.240000e+02	7.761178e+02	6.553349e-07	2.779882e+11	6.096791e+13	1.317801e-06
7.250000e+02	7.777834e+02	6.507871e-07	2.739010e+11	6.044221e+13	1.308586e-06
7.260000e+02	7.794646e+02	6.462740e-07	2.698575e+11	5.992024e+13	1.299441e-06
7.270000e+02	7.811605e+02	6.417955e-07	2.658577e+11	5.940200e+13	1.290367e-06
7.280000e+02	7.828699e+02	6.373514e-07	2.619013e+11	5.888751e+13	1.281363e-06
7.290000e+02	7.845918e+02	6.329415e-07	2.579885e+11	5.837678e+13	1.272429e-06
7.300000e+02	7.863253e+02	6.285657e-07	2.541191e+11	5.786982e+13	1.263564e-06
7.310000e+02	7.880691e+02	6.242236e-07	2.502930e+11	5.736664e+13	1.254768e-06
7.320000e+02	7.898223e+02	6.199152e-07	2.465102e+11	5.686725e+13	1.246042e-06
7.330000e+02	7.915838e+02	6.156402e-07	2.427706e+11	5.637166e+13	1.237383e-06
7.340000e+02	7.933526e+02	6.113985e-07	2.390742e+11	5.587988e+13	1.228792e-06
7.350000e+02	7.951276e+02	6.071898e-07	2.354209e+11	5.539192e+13	1.220269e-06
7.360000e+02	7.969078e+02	6.030140e-07	2.318106e+11	5.490780e+13	1.211813e-06
7.370000e+02	7.986921e+02	5.988709e-07	2.282433e+11	5.442752e+13	1.203423e-06
7.380000e+02	8.004794e+02	5.947602e-07	2.247188e+11	5.395109e+13	1.195100e-06
7.390000e+02	8.022688e+02	5.906819e-07	2.212372e+11	5.347853e+13	1.186843e-06
7.400000e+02	8.040592e+02	5.866357e-07	2.177983e+11	5.300984e+13	1.178651e-06
7.410000e+02	8.058494e+02	5.826213e-07	2.144021e+11	5.254504e+13	1.170525e-06
7.420000e+02	8.076385e+02	5.786387e-07	2.110486e+11	5.208414e+13	1.162463e-06
7.430000e+02	8.094254e+02	5.746876e-07	2.077376e+11	5.162714e+13	1.154466e-06
7.440000e+02	8.112091e+02	5.707679e-07	2.044692e+11	5.117406e+13	1.146532e-06
7.450000e+02	8.129885e+02	5.668793e-07	2.012431e+11	5.072491e+13	1.138662e-06
7.460000e+02	8.147626e+02	5.630217e-07	1.980595e+11	5.027970e+13	1.130855e-06
7.470000e+02	8.165303e+02	5.591948e-07	1.949181e+11	4.983844e+13	1.123111e-06
7.480000e+02	8.182905e+02	5.553986e-07	1.918190e+11	4.940114e+13	1.115430e-06
7.490000e+02	8.200422e+02	5.516327e-07	1.887620e+11	4.896781e+13	1.107810e-06
7.500000e+02	8.217844e+02	5.478970e-07	1.857472e+11	4.853846e+13	1.100252e-06
7.510000e+02	8.235161e+02	5.441912e-07	1.827744e+11	4.811311e+13	1.092755e-06
7.520000e+02	8.252360e+02	5.405154e-07	1.798436e+11	4.769176e+13	1.085319e-06
7.530000e+02	8.269433e+02	5.368691e-07	1.769547e+11	4.727442e+13	1.077943e-06
7.540000e+02	8.286368e+02	5.332523e-07	1.741076e+11	4.686110e+13	1.070627e-06
7.550000e+02	8.303156e+02	5.296647e-07	1.713023e+11	4.645182e+13	1.063371e-06
7.560000e+02	8.319784e+02	5.261061e-07	1.685387e+11	4.604659e+13	1.056174e-06
7.570000e+02	8.336244e+02	5.225764e-07	1.658168e+11	4.564541e+13	1.049036e-06
7.580000e+02	8.352525e+02	5.190754e-07	1.631365e+11	4.524830e+13	1.041957e-06
7.590000e+02	8.368615e+02	5.156029e-07	1.604977e+11	4.485527e+13	1.034935e-06
7.600000e+02	8.384505e+02	5.121586e-07	1.579003e+11	4.446632e+13	1.027971e-06
7.610000e+02	8.400184e+02	5.087424e-07	1.553443e+11	4.408148e+13	1.021065e-06
7.620000e+02	8.415642e+02	5.053542e-07	1.528297e+11	4.370074e+13	1.014215e-06
7.630000e+02	8.430867e+02	5.019936e-07	1.503563e+11	4.332412e+13	1.007421e-06
7.640000e+02	8.445850e+02	4.986606e-07	1.479241e+11	4.295164e+13	1.000684e-06
7.650000e+02	8.460580e+02	4.953549e-07	1.455330e+11	4.258329e+13	9.940026e-07
7.660000e+02	8.475047e+02	4.920763e-07	1.431830e+11	4.221910e+13	9.873763e-07
7.670000e+02	8.489239e+02	4.888247e-07	1.408740e+11	4.185907e+13	9.808048e-07
7.680000e+02	8.503147e+02	4.855998e-07	1.386059e+11	4.150321e+13	9.742879e-07
7.690000e+02	8.516760e+02	4.824015e-07	1.363787e+11	4.115154e+13	9.678251e-07
7.700000e+02	8.530068e+02	4.792296e-07	1.341923e+11	4.080406e+13	9.614160e-07
7.710000e+02	8.543059e+02	4.760839e-07	1.320466e+11	4.046079e+13	9.550602e-07
7.720000e+02	8.555724e+02	4.729642e-07	1.299416e+11	4.012173e+13	9.487573e-07
7.730000e+02	8.568052e+02	4.698702e-07	1.278772e+11	3.978690e+13	9.425070e-07
7.740000e+02	8.580032e+02	4.668019e-07	1.258534e+11	3.945630e+13	9.363088e-07
7.750000e+02	8.591654e+02	4.637590e-07	1.238700e+11	3.912996e+13	9.301623e-07
7.760000e+02	8.602908e+02	4.607413e-07	1.219270e+11	3.880787e+13	9.240672e-07
7.770000e+02	8.613782e+02	4.577487e-07	1.200243e+11	3.849005e+13	9.180230e-07
7.780000e+02	8.624267e+02	4.547809e-07	1.181620e+11	3.817651e+13	9.120294e-07
7.790000e+02	8.634352e+02	4.518378e-07	1.163398e+11	3.786726e+13	9.060859e-07
7.800000e+02	8.644026e+02	4.489191e-07	1.145578e+11	3.756231e+13	9.001923e-07
7.810000e+02	8.653279e+02	4.460247e-07	1.128159e+11	3.726167e+13	8.943480e-07
7.820000e+02	8.662101e+02	4.431544e-07	1.111140e+11	3.696536e+13	8.885526e-07
7.830000e+02	8.670480e+02	4.403080e-07	1.094520e+11	3.667338e+13	8.828059e-07
7.840000e+02	8.678407e+02	4.374853e-07	1.078299e+11	3.638574e+13	8.771074e-07
7.850000e+02	8.685870e+02	4.346861e-07	1.062477e+11	3.610246e+13	8.714567e-07
7.860000e+02	8.692860e+02	4.319102e-07	1.047052e+11	3.582354e+13	8.658534e-07
7.870000e+02	8.699366e+02	4.291575e-07	1.032024e+11	3.554899e+13	8.602971e-07
7.880000e+02	8.705377e+02	4.264277e-07	1.017392e+11	3.527883e+13	8.547874e-07
7.890000e+02	8.710883e+02	4.237206e-07	1.003155e+11	3.501307e+13	8.493239e-07
7.900000e+02	8.715874e+02	4.210361e-07	9.893140e+10	3.475172e+13	8.439063e-07
7.910000e+02	8.720338e+02	4.183740e-07	9.758669e+10	3.449478e+13	8.385341e-07
7.920000e+02	8.724266e+02	4.157340e-07	9.628133e+10	3.424228e+13	8.332070e-07
7.930000e+02	8.727646e+02	4.131160e-07	9.501528e+10	3.399421e+13	8.279245e-07
7.940000e+02	8.730469e+02	4.105199e-07	9.378846e+10	3.375059e+13	8.226863e-07
7.950000e+02	8.732723e+02	4.079453e-07	9.260080e+10	3.351143e+13	8.174920e-07
7.960000e+02	8.734399e+02	4.053921e-07	9.145224e+10	3.327674e+13	8.123411e-07
7.970000e+02	8.735486e+02	4.028601e-07	9.034272e+10	3.304654e+13	8.072333e-07
7.980000e+02	8.735972e+02	4.003492e-07	8.927217e+10	3.282083e+13	8.021682e-07
7.990000e+02	8.735986e+02	3.978576e-07	8.823335e+10	3.259901e+13	7.971423e-07
8.000000e+02	8.735917e+02	3.953808e-07	8.720543e+10	3.237930e+13	7.921463e-07
8.010000e+02	8.735793e+02	3.929184e-07	8.618704e+10	3.216158e+13	7.871797e-07
8.020000e+02	8.735613e+02	3.904704e-07	8.517815e+10	3.194584e+13	7.822423e-07
8.030000e+02	8.735380e+02	3.880368e-07	8.417871e+10	3.173204e+13	7.773339e-07
8.040000e+02	8.735094e+02	3.856175e-07	8.318868e+10	3.152019e+13	7.724545e-07
8.050000e+02	8.734757e+02	3.832124e-07	8.220802e+10	3.131024e+13	7.676040e-07
8.060000e+02	8.734370e+02	3.808215e-07	8.123667e+10	3.110220e+13	7.627823e-07
8.070000e+02	8.733933e+02	3.784447e-07	8.027461e+10	3.089604e+13	7.579892e-07
8.080000e+02	8.733448e+02	3.760820e-07	7.932178e+10	3.069175e+13	7.532247e-07
8.090000e+02	8.732916e+02	3.737333e-07	7.837815e+10	3.048930e+13	7.484886e-07
8.100000e+02	8.732339e+02	3.713986e-07	7.744367e+10	3.028869e+13	7.437808e-07
8.110000e+02	8.731717e+02	3.690778e-07	7.651829e+10	3.008988e+13	7.391012e-07
8.120000e+02	8.731051e+02	3.667709e-07	7.560198e+10	2.989287e+13	7.344497e-07
8.130000e+02	8.730343e+02	3.644778e-07	7.469469e+10	2.969764e+13	7.298263e-07
8.140000e+02	8.729594e+02	3.621984e-07	7.379638e+10	2.950417e+13	7.252307e-07
8.150000e+02	8.728804e+02	3.599328e-07	7.290700e+10	2.931244e+13	7.206629e-07
8.160000e+02	8.727976e+02	3.576808e-07	7.202652e+10	2.912243e+13	7.161228e-07
8.170000e+02	8.727109e+02	3.554424e-07	7.115488e+10	2.893413e+13	7.116102e-07
8.180000e+02	8.726206e+02	3.532175e-07	7.029205e+10	2.874752e+13	7.071251e-07
8.190000e+02	8.725268e+02	3.510061e-07	6.943798e+10	2.856259e+13	7.026674e-07
8.200000e+02	8.724294e+02	3.488082e-07	6.859264e+10	2.837931e+13	6.982369e-07
8.210000e+02	8.723288e+02	3.466236e-07	6.775597e+10	2.819766e+13	6.938335e-07
8.220000e+02	8.722249e+02	3.444524e-07	6.692793e+10	2.801764e+13	6.894571e-07
8.230000e+02	8.721179e+02	3.422945e-07	6.610849e+10	2.783921e+13	6.851077e-07
8.240000e+02	8.720080e+02	3.401498e-07	6.529759e+10	2.766238e+13	6.807850e-07
8.250000e+02	8.718951e+02	3.380182e-07	6.449520e+10	2.748710e+13	6.764890e-07
8.260000e+02	8.717795e+02	3.358998e-07	6.370127e+10	2.731338e+13	6.722197e-07
8.270000e+02	8.716612e+02	3.337944e-07	6.291576e+10	2.714119e+13	6.679768e-07
8.280000e+02	8.715404e+02	3.317020e-07	6.213863e+10	2.697052e+13	6.637602e-07
8.290000e+02	8.714172e+02	3.296226e-07	6.136983e+10	2.680134e+13	6.595699e-07
8.300000e+02	8.712916e+02	3.275561e-07	6.060932e+10	2.663364e+13	6.554058e-07
8.310000e+02	8.711638e+02	3.255024e-07	5.985705e+10	2.646741e+13	6.512677e-07
8.320000e+02	8.710340e+02	3.234616e-07	5.911299e+10	2.630261e+13	6.471556e-07
8.330000e+02	8.709022e+02	3.214334e-07	5.837710e+10	2.613925e+13	6.430692e-07
8.340000e+02	8.707685e+02	3.194180e-07	5.764931e+10	2.597729e+13	6.390086e-07
8.350000e+02	8.706330e+02	3.174152e-07	5.692961e+10	2.581673e+13	6.349736e-07
8.360000e+02	8.704960e+02	3.154250e-07	5.621793e+10	2.565754e+13	6.309641e-07
8.370000e+02	8.703574e+02	3.134473e-07	5.551425e+10	2.549971e+13	6.269800e-07
8.380000e+02	8.702174e+02	3.114821e-07	5.481851e+10	2.534321e+13	6.230211e-07
8.390000e+02	8.700760e+02	3.095293e-07	5.413067e+10	2.518804e+13	6.190874e-07
8.400000e+02	8.699336e+02	3.075888e-07	5.345069e+10	2.503418e+13	6.151788e-07
8.410000e+02	8.697900e+02	3.056607e-07	5.277853e+10	2.488160e+13	6.112951e-07
8.420000e+02	8.696455e+02	3.037449e-07	5.211415e+10	2.473029e+13	6.074363e-07
8.430000e+02	8.695001e+02	3.018412e-07	5.145749e+10	2.458023e+13	6.036022e-07
8.440000e+02	8.693541e+02	2.999497e-07	5.080852e+10	2.443140e+13	5.997928e-07
8.450000e+02	8.692074e+02	2.980703e-07	5.016720e+10	2.428379e+13	5.960078e-07
8.460000e+02	8.690601e+02	2.962030e-07	4.953348e+10	2.413738e+13	5.922473e-07
8.470000e+02	8.689126e+02	2.943476e-07	4.890732e+10	2.399216e+13	5.885110e-07
8.480000e+02	8.687647e+02	2.925042e-07	4.828867e+10	2.384809e+13	5.847990e-07
8.490000e+02	8.686166e+02	2.906727e-07	4.767749e+10	2.370517e+13	5.811110e-07
8.500000e+02	8.684686e+02	2.888530e-07	4.707375e+10	2.356339e+13	5.774470e-07
8.510000e+02	8.683205e+02	2.870451e-07	4.647739e+10	2.342271e+13	5.738069e-07
8.520000e+02	8.681727e+02	2.852489e-07	4.588838e+10	2.328313e+13	5.701905e-07
8.530000e+02	8.680251e+02	2.834644e-07	4.530666e+10	2.314462e+13	5.665978e-07
8.540000e+02	8.678780e+02	2.816915e-07	4.473221e+10	2.300718e+13	5.630286e-07
8.550000e+02	8.677313e+02	2.799301e-07	4.416496e+10	2.287077e+13	5.594829e-07
8.560000e+02	8.675853e+02	2.781803e-07	4.360489e+10	2.273539e+13	5.559604e-07
8.570000e+02	8.674400e+02	2.764419e-07	4.305195e+10	2.260102e+13	5.524612e-07
8.580000e+02	8.672956e+02	2.747150e-07	4.250610e+10	2.246763e+13	5.489851e-07
8.590000e+02	8.671521e+02	2.729994e-07	4.196728e+10	2.233522e+13	5.455319e-07
8.600000e+02	8.670098e+02	2.712950e-07	4.143547e+10	2.220376e+13	5.421017e-07
8.610000e+02	8.668686e+02	2.696020e-07	4.091061e+10	2.207323e+13	5.386942e-07
8.620000e+02	8.667287e+02	2.679201e-07	4.039266e+10	2.194363e+13	5.353094e-07
8.630000e+02	8.665903e+02	2.662494e-07	3.988159e+10	2.181492e+13	5.319472e-07
8.640000e+02	8.664534e+02	2.645897e-07	3.937734e+10	2.168710e+13	5.286074e-07
8.650000e+02	8.663181e+02	2.629411e-07	3.887988e+10	2.156015e+13	5.252900e-07
8.660000e+02	8.661846e+02	2.613035e-07	3.838916e+10	2.143404e+13	5.219947e-07
8.670000e+02	8.660529e+02	2.596767e-07	3.790514e+10	2.130877e+13	5.187216e-07
8.680000e+02	8.659233e+02	2.580609e-07	3.742777e+10	2.118431e+13	5.154706e-07
8.690000e+02	8.657957e+02	2.564558e-07	3.695702e+10	2.106065e+13	5.122414e-07
8.700000e+02	8.656704e+02	2.548616e-07	3.649283e+10	2.093776e+13	5.090340e-07
8.710000e+02	8.655474e+02	2.532780e-07	3.603517e+10	2.081564e+13	5.058483e-07
8.720000e+02	8.654268e+02	2.517051e-07	3.558400e+10	2.069426e+13	5.026842e-07
8.730000e+02	8.653088e+02	2.501428e-07	3.513926e+10	2.057360e+13	4.995416e-07
8.740000e+02	8.651935e+02	2.485911e-07	3.470092e+10	2.045366e+13	4.964203e-07
8.750000e+02	8.650809e+02	2.470498e-07	3.426894e+10	2.033440e+13	4.933203e-07
8.760000e+02	8.649712e+02	2.455190e-07	3.384327e+10	2.021582e+13	4.902414e-07
8.770000e+02	8.648646e+02	2.439986e-07	3.342386e+10	2.009790e+13	4.871836e-07
8.780000e+02	8.647610e+02	2.424885e-07	3.301068e+10	1.998061e+13	4.841467e-07
8.790000e+02	8.646607e+02	2.409887e-07	3.260369e+10	1.986395e+13	4.811306e-07
8.800000e+02	8.645637e+02	2.394991e-07	3.220283e+10	1.974788e+13	4.781352e-07
8.810000e+02	8.644702e+02	2.380197e-07	3.180807e+10	1.963241e+13	4.751604e-07
8.820000e+02	8.643802e+02	2.365504e-07	3.141936e+10	1.951750e+13	4.722061e-07
8.830000e+02	8.642940e+02	2.350912e-07	3.103666e+10	1.940315e+13	4.692722e-07
8.840000e+02	8.642115e+02	2.336420e-07	3.065993e+10	1.928932e+13	4.663586e-07
8.850000e+02	8.641330e+02	2.322028e-07	3.028912e+10	1.917602e+13	4.634651e-07
8.860000e+02	8.640584e+02	2.307735e-07	2.992419e+10	1.906321e+13	4.605917e-07
8.870000e+02	8.639881e+02	2.293540e-07	2.956511e+10	1.895088e+13	4.577382e-07
8.880000e+02	8.639219e+02	2.279443e-07	2.921181e+10	1.883902e+13	4.549046e-07
8.890000e+02	8.638601e+02	2.265444e-07	2.886427e+10	1.872760e+13	4.520907e-07
8.900000e+02	8.638028e+02	2.251542e-07	2.852244e+10	1.861661e+13	4.492964e-07
8.910000e+02	8.637501e+02	2.237736e-07	2.818627e+10	1.850603e+13	4.465216e-07
8.920000e+02	8.637021e+02	2.224026e-07	2.785573e+10	1.839584e+13	4.437663e-07
8.930000e+02	8.636589e+02	2.210411e-07	2.753077e+10	1.828603e+13	4.410302e-07
8.940000e+02	8.636207e+02	2.196892e-07	2.721134e+10	1.817658e+13	4.383133e-07
8.950000e+02	8.635875e+02	2.183466e-07	2.689741e+10	1.806747e+13	4.356155e-07
8.960000e+02	8.635594e+02	2.170134e-07	2.658893e+10	1.795868e+13	4.329367e-07
8.970000e+02	8.635366e+02	2.156896e-07	2.628585e+10	1.785020e+13	4.302767e-07
8.980000e+02	8.635192e+02	2.143750e-07	2.598814e+10	1.774200e+13	4.276355e-07
8.990000e+02	8.635073e+02	2.130696e-07	2.569576e+10	1.763408e+13	4.250129e-07
9.000000e+02	8.635010e+02	2.117734e-07	2.540865e+10	1.752641e+13	4.224089e-07
9.010000e+02	8.635003e+02	2.104858e-07	2.512639e+10	1.741898e+13	4.198223e-07
9.020000e+02	8.635039e+02	2.092027e-07	2.484535e+10	1.731183e+13	4.172448e-07
9.030000e+02	8.635114e+02	2.079231e-07	2.456471e+10	1.720498e+13	4.146743e-07
9.040000e+02	8.635229e+02	2.066471e-07	2.428452e+10	1.709842e+13	4.121109e-07
9.050000e+02	8.635383e+02	2.053747e-07	2.400482e+10	1.699218e+13	4.095550e-07
9.060000e+02	8.635575e+02	2.041061e-07	2.372566e+10	1.688624e+13	4.070065e-07
9.070000e+02	8.635806e+02	2.028413e-07	2.344709e+10	1.678063e+13	4.044657e-07
9.080000e+02	8.636076e+02	2.015804e-07	2.316917e+10	1.667534e+13	4.019327e-07
9.090000e+02	8.636384e+02	2.003235e-07	2.289193e+10	1.657037e+13	3.994077e-07
9.100000e+02	8.636731e+02	1.990706e-07	2.261544e+10	1.646574e+13	3.968908e-07
9.110000e+02	8.637115e+02	1.978218e-07	2.233973e+10	1.636145e+13	3.943821e-07
9.120000e+02	8.637537e+02	1.965772e-07	2.206486e+10	1.625750e+13	3.918819e-07
9.130000e+02	8.637996e+02	1.953369e-07	2.179089e+10	1.615390e+13	3.893902e-07
9.140000e+02	8.638492e+02	1.941009e-07	2.151784e+10	1.605066e+13	3.869073e-07
9.150000e+02	8.639026e+02	1.928693e-07	2.124579e+10	1.594777e+13	3.844333e-07
9.160000e+02	8.639596e+02	1.916422e-07	2.097477e+10	1.584525e+13	3.819683e-07
9.170000e+02	8.640203e+02	1.904196e-07	2.070484e+10	1.574311e+13	3.795124e-07
9.180000e+02	8.640847e+02	1.892017e-07	2.043604e+10	1.564134e+13	3.770659e-07
9.190000e+02	8.641527e+02	1.879885e-07	2.016843e+10	1.553995e+13	3.746289e-07
9.200000e+02	8.642243e+02	1.867801e-07	1.990205e+10	1.543895e+13	3.722016e-07
9.210000e+02	8.642994e+02	1.855766e-07	1.963695e+10	1.533834e+13	3.697840e-07
9.220000e+02	8.643781e+02	1.843780e-07	1.937319e+10	1.523812e+13	3.673764e-07
9.230000e+02	8.644604e+02	1.831844e-07	1.911080e+10	1.513832e+13	3.649789e-07
9.240000e+02	8.645462e+02	1.819959e-07	1.884985e+10	1.503891e+13	3.625916e-07
9.250000e+02	8.646355e+02	1.808126e-07	1.859038e+10	1.493993e+13	3.602148e-07
9.260000e+02	8.647283e+02	1.796345e-07	1.833243e+10	1.484136e+13	3.578485e-07
9.270000e+02	8.648245e+02	1.784618e-07	1.807607e+10	1.474322e+13	3.554929e-07
9.280000e+02	8.649242e+02	1.772944e-07	1.782133e+10	1.464550e+13	3.531481e-07
9.290000e+02	8.650272e+02	1.761325e-07	1.756827e+10	1.454823e+13	3.508144e-07
9.300000e+02	8.651337e+02	1.749761e-07	1.731694e+10	1.445139e+13	3.484919e-07
9.310000e+02	8.652436e+02	1.738253e-07	1.706738e+10	1.435500e+13	3.461807e-07
9.320000e+02	8.653568e+02	1.726802e-07	1.681965e+10	1.425906e+13	3.438810e-07
9.330000e+02	8.654734e+02	1.715409e-07	1.657379e+10	1.416357e+13	3.415928e-07
9.340000e+02	8.655932e+02	1.704074e-07	1.632986e+10	1.406855e+13	3.393165e-07
9.350000e+02	8.657164e+02	1.692799e-07	1.608790e+10	1.397400e+13	3.370521e-07
9.360000e+02	8.658428e+02	1.681583e-07	1.584797e+10	1.387992e+13	3.347998e-07
9.370000e+02	8.659725e+02	1.670428e-07	1.561010e+10	1.378631e+13	3.325597e-07
9.380000e+02	8.661054e+02	1.659334e-07	1.537436e+10	1.369319e+13	3.303321e-07
9.390000e+02	8.662416e+02	1.648303e-07	1.514079e+10	1.360056e+13	3.281169e-07
9.400000e+02	8.663809e+02	1.637334e-07	1.490944e+10	1.350842e+13	3.259145e-07
9.410000e+02	8.665234e+02	1.626429e-07	1.468036e+10	1.341678e+13	3.237249e-07
9.420000e+02	8.666691e+02	1.615589e-07	1.445360e+10	1.332565e+13	3.215483e-07
9.430000e+02	8.668179e+02	1.604813e-07	1.422920e+10	1.323503e+13	3.193849e-07
9.440000e+02	8.669698e+02	1.594104e-07	1.400722e+10	1.314492e+13	3.172347e-07
9.450000e+02	8.671247e+02	1.583461e-07	1.378771e+10	1.305533e+13	3.150981e-07
9.460000e+02	8.672828e+02	1.572886e-07	1.357072e+10	1.296627e+13	3.129750e-07
9.470000e+02	8.674439e+02	1.562378e-07	1.335629e+10	1.287774e+13	3.108657e-07
9.480000e+02	8.676080e+02	1.551940e-07	1.314448e+10	1.278975e+13	3.087704e-07
9.490000e+02	8.677752e+02	1.541571e-07	1.293533e+10	1.270230e+13	3.066891e-07
9.500000e+02	8.679453e+02	1.531273e-07	1.272889e+10	1.261539e+13	3.046220e-07
9.510000e+02	8.681184e+02	1.521046e-07	1.252522e+10	1.252904e+13	3.025693e-07
9.520000e+02	8.682944e+02	1.510890e-07	1.232435e+10	1.244325e+13	3.005311e-07
9.530000e+02	8.684734e+02	1.500808e-07	1.212635e+10	1.235802e+13	2.985076e-07
9.540000e+02	8.686552e+02	1.490799e-07	1.193126e+10	1.227337e+13	2.964990e-07
9.550000e+02	8.688400e+02	1.480864e-07	1.173914e+10	1.218928e+13	2.945053e-07
9.560000e+02	8.690276e+02	1.471003e-07	1.155002e+10	1.210578e+13	2.925268e-07
9.570000e+02	8.692180e+02	1.461219e-07	1.136396e+10	1.202286e+13	2.905636e-07
9.580000e+02	8.694113e+02	1.451511e-07	1.118100e+10	1.194053e+13	2.886158e-07
9.590000e+02	8.696074e+02	1.441880e-07	1.100121e+10	1.185879e+13	2.866836e-07
9.600000e+02	8.698062e+02	1.432327e-07	1.082462e+10	1.177766e+13	2.847671e-07
9.610000e+02	8.700078e+02	1.422853e-07	1.065129e+10	1.169713e+13	2.828666e-07
9.620000e+02	8.702122e+02	1.413458e-07	1.048126e+10	1.161722e+13	2.809821e-07
9.630000e+02	8.704193e+02	1.404143e-07	1.031459e+10	1.153792e+13	2.791139e-07
9.640000e+02	8.706290e+02	1.394909e-07	1.015132e+10	1.145924e+13	2.772619e-07
9.650000e+02	8.708415e+02	1.385757e-07	9.991507e+09	1.138120e+13	2.754266e-07
9.660000e+02	8.710566e+02	1.376687e-07	9.835196e+09	1.130378e+13	2.736078e-07
9.670000e+02	8.712744e+02	1.367701e-07	9.682437e+09	1.122701e+13	2.718059e-07
9.680000e+02	8.714947e+02	1.358798e-07	9.533279e+09	1.115087e+13	2.700210e-07
9.690000e+02	8.717177e+02	1.349980e-07	9.387773e+09	1.107539e+13	2.682532e-07
9.700000e+02	8.719432e+02	1.341247e-07	9.245966e+09	1.100056e+13	2.665026e-07
9.710000e+02	8.721713e+02	1.332601e-07	9.107909e+09	1.092640e+13	2.647695e-07
9.720000e+02	8.724019e+02	1.324042e-07	8.973651e+09	1.085289e+13	2.630540e-07
9.730000e+02	8.726351e+02	1.315570e-07	8.843241e+09	1.078006e+13	2.613562e-07
9.740000e+02	8.728707e+02	1.307186e-07	8.716728e+09	1.070791e+13	2.596763e-07
9.750000e+02	8.731088e+02	1.298892e-07	8.594163e+09	1.063643e+13	2.580145e-07
9.760000e+02	8.733494e+02	1.290688e-07	8.475593e+09	1.056564e+13	2.563708e-07
9.770000e+02	8.735923e+02	1.282574e-07	8.361069e+09	1.049555e+13	2.547455e-07
9.780000e+02	8.738377e+02	1.274552e-07	8.250640e+09	1.042615e+13	2.531387e-07
9.790000e+02	8.740855e+02	1.266622e-07	8.144355e+09	1.035745e+13	2.515505e-07
9.800000e+02	8.743357e+02	1.258785e-07	8.042264e+09	1.028946e+13	2.499812e-07
9.810000e+02	8.745882e+02	1.251041e-07	7.944415e+09	1.022219e+13	2.484308e-07
9.820000e+02	8.748430e+02	1.243392e-07	7.850859e+09	1.015563e+13	2.468995e-07
9.830000e+02	8.751002e+02	1.235838e-07	7.761644e+09	1.008980e+13	2.453875e-07
9.840000e+02	8.753596e+02	1.228380e-07	7.676820e+09	1.002470e+13	2.438948e-07
9.850000e+02	8.756213e+02	1.221019e-07	7.596436e+09	9.960334e+12	2.424218e-07
9.860000e+02	8.758852e+02	1.213755e-07	7.520542e+09	9.896708e+12	2.409685e-07
9.870000e+02	8.761514e+02	1.206590e-07	7.449186e+09	9.833826e+12	2.395350e-07
9.880000e+02	8.764198e+02	1.199523e-07	7.382419e+09	9.771696e+12	2.381216e-07
9.890000e+02	8.766904e+02	1.192556e-07	7.320289e+09	9.710322e+12	2.367284e-07
9.900000e+02	8.769631e+02	1.185689e-07	7.262846e+09	9.649709e+12	2.353555e-07
9.910000e+02	8.772379e+02	1.178924e-07	7.210140e+09	9.589864e+12	2.340030e-07
9.920000e+02	8.775149e+02	1.172261e-07	7.162219e+09	9.530791e+12	2.326712e-07
9.930000e+02	8.777940e+02	1.165700e-07	7.119132e+09	9.472495e+12	2.313602e-07
9.940000e+02	8.780752e+02	1.159242e-07	7.080930e+09	9.414983e+12	2.300702e-07
9.950000e+02	8.783584e+02	1.152889e-07	7.047662e+09	9.358259e+12	2.288012e-07
9.960000e+02	8.786437e+02	1.146641e-07	7.019376e+09	9.302328e+12	2.275535e-07
9.970000e+02	8.789310e+02	1.140498e-07	6.996123e+09	9.247197e+12	2.263272e-07
9.980000e+02	8.792203e+02	1.134462e-07	6.977951e+09	9.192870e+12	2.251224e-07
9.990000e+02	8.795116e+02	1.128533e-07	6.964910e+09	9.139353e+12	2.239394e-07
1.000000e+03	8.798048e+02	1.122712e-07	6.957049e+09	9.086651e+12	2.227782e-07
1.001000e+03	8.801000e+02	1.117000e-07	6.954418e+09	9.034769e+12	2.216390e-07
