Altitude	Temperature	Pressure	HE[m-3]	H2[m-3]	Total_mass_density
2.267000e+01	1.209000e+02	3.620000e+01	2.934342e+21	1.869478e+22	8.250851e+01
2.367000e+01	1.213577e+02	3.574699e+01	2.897463e+21	1.845982e+22	8.147600e+01
2.467000e+01	1.218155e+02	3.529398e+01	2.860583e+21	1.822487e+22	8.044350e+01
2.567000e+01	1.222732e+02	3.484097e+01	2.823704e+21	1.798991e+22	7.941099e+01
2.667000e+01	1.227309e+02	3.438795e+01	2.786825e+21	1.775496e+22	7.837848e+01
2.767000e+01	1.231887e+02	3.393494e+01	2.749945e+21	1.752000e+22	7.734598e+01
2.867000e+01	1.236464e+02	3.348193e+01	2.713066e+21	1.728504e+22	7.631347e+01
2.967000e+01	1.241041e+02	3.302892e+01	2.676186e+21	1.705009e+22	7.528096e+01
3.067000e+01	1.245619e+02	3.257591e+01	2.639307e+21	1.681513e+22	7.424845e+01
3.167000e+01	1.250196e+02	3.212290e+01	2.602428e+21	1.658018e+22	7.321595e+01
3.267000e+01	1.254773e+02	3.166988e+01	2.565548e+21	1.634522e+22	7.218344e+01
3.367000e+01	1.259351e+02	3.121687e+01	2.528669e+21	1.611026e+22	7.115093e+01
3.467000e+01	1.263928e+02	3.076386e+01	2.491790e+21	1.587531e+22	7.011843e+01
3.567000e+01	1.268505e+02	3.031085e+01	2.454910e+21	1.564035e+22	6.908592e+01
3.667000e+01	1.273083e+02	2.985784e+01	2.418031e+21	1.540540e+22	6.805341e+01
3.767000e+01	1.277660e+02	2.940483e+01	2.381152e+21	1.517044e+22	6.702091e+01
3.867000e+01	1.282237e+02	2.895181e+01	2.344272e+21	1.493549e+22	6.598840e+01
3.967000e+01	1.286815e+02	2.849880e+01	2.307393e+21	1.470053e+22	6.495589e+01
4.067000e+01	1.291392e+02	2.804579e+01	2.270514e+21	1.446557e+22	6.392339e+01
4.167000e+01	1.295969e+02	2.759278e+01	2.233634e+21	1.423062e+22	6.289088e+01
4.267000e+01	1.300547e+02	2.713977e+01	2.196755e+21	1.399566e+22	6.185837e+01
4.367000e+01	1.305124e+02	2.668676e+01	2.159875e+21	1.376071e+22	6.082586e+01
4.467000e+01	1.309701e+02	2.623374e+01	2.122996e+21	1.352575e+22	5.979336e+01
4.567000e+01	1.314279e+02	2.578073e+01	2.086117e+21	1.329079e+22	5.876085e+01
4.667000e+01	1.318856e+02	2.532772e+01	2.049237e+21	1.305584e+22	5.772834e+01
4.767000e+01	1.323433e+02	2.487471e+01	2.012358e+21	1.282088e+22	5.669584e+01
4.867000e+01	1.328011e+02	2.442170e+01	1.975479e+21	1.258593e+22	5.566333e+01
4.967000e+01	1.332588e+02	2.396869e+01	1.938599e+21	1.235097e+22	5.463082e+01
5.067000e+01	1.337165e+02	2.351568e+01	1.901720e+21	1.211601e+22	5.359832e+01
5.167000e+01	1.341743e+02	2.306266e+01	1.864841e+21	1.188106e+22	5.256581e+01
5.267000e+01	1.346320e+02	2.260965e+01	1.827961e+21	1.164610e+22	5.153330e+01
5.367000e+01	1.350897e+02	2.215664e+01	1.791082e+21	1.141115e+22	5.050079e+01
5.467000e+01	1.355475e+02	2.170363e+01	1.754203e+21	1.117619e+22	4.946829e+01
5.567000e+01	1.360052e+02	2.125062e+01	1.717323e+21	1.094123e+22	4.843578e+01
5.667000e+01	1.364629e+02	2.079761e+01	1.680444e+21	1.070628e+22	4.740327e+01
5.767000e+01	1.369207e+02	2.034459e+01	1.643564e+21	1.047132e+22	4.637077e+01
5.867000e+01	1.373784e+02	1.989158e+01	1.606685e+21	1.023637e+22	4.533826e+01
5.967000e+01	1.378361e+02	1.943857e+01	1.569806e+21	1.000141e+22	4.430575e+01
6.067000e+01	1.382939e+02	1.898556e+01	1.532926e+21	9.766455e+21	4.327325e+01
6.167000e+01	1.387516e+02	1.853255e+01	1.496047e+21	9.531499e+21	4.224074e+01
6.267000e+01	1.392093e+02	1.807954e+01	1.459168e+21	9.296543e+21	4.120823e+01
6.367000e+01	1.396671e+02	1.762652e+01	1.422288e+21	9.061587e+21	4.017573e+01
6.467000e+01	1.401248e+02	1.717351e+01	1.385409e+21	8.826631e+21	3.914322e+01
6.567000e+01	1.405825e+02	1.672050e+01	1.348530e+21	8.591675e+21	3.811071e+01
6.667000e+01	1.410403e+02	1.626749e+01	1.311650e+21	8.356719e+21	3.707820e+01
6.767000e+01	1.414980e+02	1.581448e+01	1.274771e+21	8.121763e+21	3.604570e+01
6.867000e+01	1.419557e+02	1.536147e+01	1.237892e+21	7.886807e+21	3.501319e+01
6.967000e+01	1.424135e+02	1.490845e+01	1.201012e+21	7.651851e+21	3.398068e+01
7.067000e+01	1.428712e+02	1.445544e+01	1.164133e+21	7.416895e+21	3.294818e+01
7.167000e+01	1.433289e+02	1.400243e+01	1.127253e+21	7.181939e+21	3.191567e+01
7.267000e+01	1.437867e+02	1.354942e+01	1.090374e+21	6.946983e+21	3.088316e+01
7.367000e+01	1.442444e+02	1.309641e+01	1.053495e+21	6.712028e+21	2.985066e+01
7.467000e+01	1.447021e+02	1.264340e+01	1.016615e+21	6.477072e+21	2.881815e+01
7.567000e+01	1.451598e+02	1.219039e+01	9.797361e+20	6.242116e+21	2.778564e+01
7.667000e+01	1.456176e+02	1.173737e+01	9.428567e+20	6.007160e+21	2.675314e+01
7.767000e+01	1.460753e+02	1.128436e+01	9.059773e+20	5.772204e+21	2.572063e+01
7.867000e+01	1.465330e+02	1.083135e+01	8.690980e+20	5.537248e+21	2.468812e+01
7.967000e+01	1.469908e+02	1.037834e+01	8.322186e+20	5.302292e+21	2.365561e+01
8.067000e+01	1.474485e+02	9.925327e+00	7.953393e+20	5.067336e+21	2.262311e+01
8.167000e+01	1.479062e+02	9.472315e+00	7.584599e+20	4.832380e+21	2.159060e+01
8.267000e+01	1.483640e+02	9.019304e+00	7.215805e+20	4.597424e+21	2.055809e+01
8.367000e+01	1.488217e+02	8.566292e+00	6.847012e+20	4.362468e+21	1.952559e+01
8.467000e+01	1.492794e+02	8.113281e+00	6.478218e+20	4.127512e+21	1.849308e+01
8.567000e+01	1.497372e+02	7.660269e+00	6.109425e+20	3.892556e+21	1.746057e+01
8.667000e+01	1.501949e+02	7.207257e+00	5.740631e+20	3.657600e+21	1.642807e+01
8.767000e+01	1.506526e+02	6.754246e+00	5.371838e+20	3.422645e+21	1.539556e+01
8.867000e+01	1.511104e+02	6.301234e+00	5.003044e+20	3.187689e+21	1.436305e+01
8.967000e+01	1.515681e+02	5.848223e+00	4.634250e+20	2.952733e+21	1.333055e+01
9.067000e+01	1.520258e+02	5.395211e+00	4.265457e+20	2.717777e+21	1.229804e+01
9.167000e+01	1.524836e+02	4.942199e+00	3.896663e+20	2.482821e+21	1.126553e+01
9.267000e+01	1.529413e+02	4.489188e+00	3.527870e+20	2.247865e+21	1.023302e+01
9.367000e+01	1.533990e+02	4.036176e+00	3.159076e+20	2.012909e+21	9.200518e+00
9.467000e+01	1.538568e+02	3.583165e+00	2.790283e+20	1.777953e+21	8.168011e+00
9.567000e+01	1.543145e+02	3.130153e+00	2.421489e+20	1.542997e+21	7.135504e+00
9.667000e+01	1.547722e+02	2.677141e+00	2.052695e+20	1.308041e+21	6.102997e+00
9.767000e+01	1.552300e+02	2.224130e+00	1.683902e+20	1.073085e+21	5.070490e+00
9.867000e+01	1.556877e+02	1.771118e+00	1.315108e+20	8.381293e+20	4.037983e+00
9.967000e+01	1.561454e+02	1.318107e+00	9.463147e+19	6.031734e+20	3.005476e+00
1.006700e+02	1.566032e+02	8.650950e-01	5.775211e+19	3.682174e+20	1.972969e+00
1.016700e+02	1.568034e+02	6.665392e-01	4.165892e+19	2.656872e+20	1.520412e+00
1.026700e+02	1.568094e+02	6.599413e-01	4.124652e+19	2.630570e+20	1.505362e+00
1.036700e+02	1.568154e+02	6.533434e-01	4.083411e+19	2.604268e+20	1.490311e+00
1.046700e+02	1.568214e+02	6.467455e-01	4.042171e+19	2.577967e+20	1.475261e+00
1.056700e+02	1.568274e+02	6.401476e-01	4.000931e+19	2.551665e+20	1.460211e+00
1.066700e+02	1.568335e+02	6.335497e-01	3.959691e+19	2.525363e+20	1.445160e+00
1.076700e+02	1.568395e+02	6.269518e-01	3.918450e+19	2.499061e+20	1.430110e+00
1.086700e+02	1.568455e+02	6.203539e-01	3.877210e+19	2.472759e+20	1.415060e+00
1.096700e+02	1.568515e+02	6.137560e-01	3.835970e+19	2.446458e+20	1.400009e+00
1.106700e+02	1.568575e+02	6.071581e-01	3.794730e+19	2.420156e+20	1.384959e+00
1.116700e+02	1.568635e+02	6.005602e-01	3.753489e+19	2.393854e+20	1.369908e+00
1.126700e+02	1.568695e+02	5.939623e-01	3.712249e+19	2.367552e+20	1.354858e+00
1.136700e+02	1.568755e+02	5.873644e-01	3.671009e+19	2.341250e+20	1.339808e+00
1.146700e+02	1.568815e+02	5.807665e-01	3.629768e+19	2.314948e+20	1.324757e+00
1.156700e+02	1.568875e+02	5.741686e-01	3.588528e+19	2.288647e+20	1.309707e+00
1.166700e+02	1.568935e+02	5.675707e-01	3.547288e+19	2.262345e+20	1.294656e+00
1.176700e+02	1.568995e+02	5.609728e-01	3.506048e+19	2.236043e+20	1.279606e+00
1.186700e+02	1.569055e+02	5.543749e-01	3.464807e+19	2.209741e+20	1.264556e+00
1.196700e+02	1.569115e+02	5.477770e-01	3.423567e+19	2.183439e+20	1.249505e+00
1.206700e+02	1.569175e+02	5.411791e-01	3.382327e+19	2.157138e+20	1.234455e+00
1.216700e+02	1.569235e+02	5.345812e-01	3.341087e+19	2.130836e+20	1.219404e+00
1.226700e+02	1.569295e+02	5.279833e-01	3.299846e+19	2.104534e+20	1.204354e+00
1.236700e+02	1.569356e+02	5.213854e-01	3.258606e+19	2.078232e+20	1.189304e+00
1.246700e+02	1.569416e+02	5.147875e-01	3.217366e+19	2.051930e+20	1.174253e+00
1.256700e+02	1.569476e+02	5.081896e-01	3.176125e+19	2.025629e+20	1.159203e+00
1.266700e+02	1.569536e+02	5.015918e-01	3.134885e+19	1.999327e+20	1.144152e+00
1.276700e+02	1.569596e+02	4.949939e-01	3.093645e+19	1.973025e+20	1.129102e+00
1.286700e+02	1.569656e+02	4.883960e-01	3.052405e+19	1.946723e+20	1.114052e+00
1.296700e+02	1.569716e+02	4.817981e-01	3.011164e+19	1.920421e+20	1.099001e+00
1.306700e+02	1.569776e+02	4.752002e-01	2.969924e+19	1.894120e+20	1.083951e+00
1.316700e+02	1.569836e+02	4.686023e-01	2.928684e+19	1.867818e+20	1.068901e+00
1.326700e+02	1.569896e+02	4.620044e-01	2.887443e+19	1.841516e+20	1.053850e+00
1.336700e+02	1.569956e+02	4.554065e-01	2.846203e+19	1.815214e+20	1.038800e+00
1.346700e+02	1.570016e+02	4.488086e-01	2.804963e+19	1.788912e+20	1.023749e+00
1.356700e+02	1.570076e+02	4.422107e-01	2.763723e+19	1.762611e+20	1.008699e+00
1.366700e+02	1.570136e+02	4.356128e-01	2.722482e+19	1.736309e+20	9.936486e-01
1.376700e+02	1.570196e+02	4.290149e-01	2.681242e+19	1.710007e+20	9.785982e-01
1.386700e+02	1.570256e+02	4.224170e-01	2.640002e+19	1.683705e+20	9.635478e-01
1.396700e+02	1.570317e+02	4.158191e-01	2.598762e+19	1.657403e+20	9.484974e-01
1.406700e+02	1.570377e+02	4.092212e-01	2.557521e+19	1.631102e+20	9.334470e-01
1.416700e+02	1.570437e+02	4.026233e-01	2.516281e+19	1.604800e+20	9.183966e-01
1.426700e+02	1.570497e+02	3.960254e-01	2.475041e+19	1.578498e+20	9.033462e-01
1.436700e+02	1.570557e+02	3.894275e-01	2.433800e+19	1.552196e+20	8.882958e-01
1.446700e+02	1.570617e+02	3.828296e-01	2.392560e+19	1.525894e+20	8.732454e-01
1.456700e+02	1.570677e+02	3.762317e-01	2.351320e+19	1.499593e+20	8.581951e-01
1.466700e+02	1.570737e+02	3.696338e-01	2.310080e+19	1.473291e+20	8.431447e-01
1.476700e+02	1.570797e+02	3.630359e-01	2.268839e+19	1.446989e+20	8.280943e-01
1.486700e+02	1.570857e+02	3.564380e-01	2.227599e+19	1.420687e+20	8.130439e-01
1.496700e+02	1.570917e+02	3.498401e-01	2.186359e+19	1.394385e+20	7.979935e-01
1.506700e+02	1.570977e+02	3.432422e-01	2.145118e+19	1.368083e+20	7.829431e-01
1.516700e+02	1.571037e+02	3.366443e-01	2.103878e+19	1.341782e+20	7.678927e-01
1.526700e+02	1.571097e+02	3.300464e-01	2.062638e+19	1.315480e+20	7.528423e-01
1.536700e+02	1.571157e+02	3.234485e-01	2.021398e+19	1.289178e+20	7.377919e-01
1.546700e+02	1.571217e+02	3.168506e-01	1.980157e+19	1.262876e+20	7.227415e-01
1.556700e+02	1.571277e+02	3.102527e-01	1.938917e+19	1.236574e+20	7.076911e-01
1.566700e+02	1.571338e+02	3.036548e-01	1.897677e+19	1.210273e+20	6.926408e-01
1.576700e+02	1.571398e+02	2.970569e-01	1.856437e+19	1.183971e+20	6.775904e-01
1.586700e+02	1.571458e+02	2.904590e-01	1.815196e+19	1.157669e+20	6.625400e-01
1.596700e+02	1.571518e+02	2.838611e-01	1.773956e+19	1.131367e+20	6.474896e-01
1.606700e+02	1.571578e+02	2.772632e-01	1.732716e+19	1.105065e+20	6.324392e-01
1.616700e+02	1.571638e+02	2.706653e-01	1.691475e+19	1.078764e+20	6.173888e-01
1.626700e+02	1.571698e+02	2.640674e-01	1.650235e+19	1.052462e+20	6.023384e-01
1.636700e+02	1.571758e+02	2.574695e-01	1.608995e+19	1.026160e+20	5.872880e-01
1.646700e+02	1.571818e+02	2.508716e-01	1.567755e+19	9.998582e+19	5.722376e-01
1.656700e+02	1.571878e+02	2.442737e-01	1.526514e+19	9.735564e+19	5.571872e-01
1.666700e+02	1.571938e+02	2.376758e-01	1.485274e+19	9.472546e+19	5.421368e-01
1.676700e+02	1.571998e+02	2.310779e-01	1.444034e+19	9.209528e+19	5.270864e-01
1.686700e+02	1.572058e+02	2.244800e-01	1.402794e+19	8.946510e+19	5.120361e-01
1.696700e+02	1.572118e+02	2.178821e-01	1.361553e+19	8.683492e+19	4.969857e-01
1.706700e+02	1.572178e+02	2.112842e-01	1.320313e+19	8.420474e+19	4.819353e-01
1.716700e+02	1.572238e+02	2.046863e-01	1.279073e+19	8.157456e+19	4.668849e-01
1.726700e+02	1.572298e+02	1.980884e-01	1.237832e+19	7.894437e+19	4.518345e-01
1.736700e+02	1.572359e+02	1.914905e-01	1.196592e+19	7.631419e+19	4.367841e-01
1.746700e+02	1.572419e+02	1.848927e-01	1.155352e+19	7.368401e+19	4.217337e-01
1.756700e+02	1.572479e+02	1.782948e-01	1.114112e+19	7.105383e+19	4.066833e-01
1.766700e+02	1.572539e+02	1.716969e-01	1.072871e+19	6.842365e+19	3.916329e-01
1.776700e+02	1.572599e+02	1.650990e-01	1.031631e+19	6.579347e+19	3.765825e-01
1.786700e+02	1.572659e+02	1.585011e-01	9.903907e+18	6.316329e+19	3.615321e-01
1.796700e+02	1.572719e+02	1.519032e-01	9.491505e+18	6.053311e+19	3.464817e-01
1.806700e+02	1.572779e+02	1.453053e-01	9.079102e+18	5.790293e+19	3.314314e-01
1.816700e+02	1.572839e+02	1.387074e-01	8.666699e+18	5.527275e+19	3.163810e-01
1.826700e+02	1.572899e+02	1.321095e-01	8.254296e+18	5.264257e+19	3.013306e-01
1.836700e+02	1.572959e+02	1.255116e-01	7.841894e+18	5.001239e+19	2.862802e-01
1.846700e+02	1.573019e+02	1.189137e-01	7.429491e+18	4.738221e+19	2.712298e-01
1.856700e+02	1.573079e+02	1.123158e-01	7.017088e+18	4.475203e+19	2.561794e-01
1.866700e+02	1.573139e+02	1.057179e-01	6.604685e+18	4.212185e+19	2.411290e-01
1.876700e+02	1.573199e+02	9.911998e-02	6.192283e+18	3.949167e+19	2.260786e-01
1.886700e+02	1.573259e+02	9.252208e-02	5.779880e+18	3.686148e+19	2.110282e-01
1.896700e+02	1.573320e+02	8.592418e-02	5.367477e+18	3.423130e+19	1.959778e-01
1.906700e+02	1.573380e+02	7.932629e-02	4.955074e+18	3.160112e+19	1.809274e-01
1.916700e+02	1.573440e+02	7.272839e-02	4.542672e+18	2.897094e+19	1.658771e-01
1.926700e+02	1.573500e+02	6.613049e-02	4.130269e+18	2.634076e+19	1.508267e-01
1.936700e+02	1.573560e+02	5.953259e-02	3.717866e+18	2.371058e+19	1.357763e-01
1.946700e+02	1.573620e+02	5.293469e-02	3.305463e+18	2.108040e+19	1.207259e-01
1.956700e+02	1.573680e+02	4.633680e-02	2.893060e+18	1.845022e+19	1.056755e-01
1.966700e+02	1.573740e+02	3.973890e-02	2.480658e+18	1.582004e+19	9.062509e-02
1.976700e+02	1.573800e+02	3.314100e-02	2.068255e+18	1.318986e+19	7.557470e-02
1.986700e+02	1.573860e+02	2.654310e-02	1.655852e+18	1.055968e+19	6.052431e-02
1.996700e+02	1.573920e+02	1.994520e-02	1.243449e+18	7.929498e+18	4.547392e-02
2.006700e+02	1.573980e+02	1.334731e-02	8.310466e+17	5.299318e+18	3.042353e-02
2.016700e+02	1.576711e+02	1.109695e-02	6.903894e+17	4.402272e+18	2.529041e-02
2.026700e+02	1.580756e+02	1.098793e-02	6.835770e+17	4.358860e+18	2.504192e-02
2.036700e+02	1.584802e+02	1.087891e-02	6.767646e+17	4.315448e+18	2.479343e-02
2.046700e+02	1.588848e+02	1.076988e-02	6.699522e+17	4.272036e+18	2.454494e-02
2.056700e+02	1.592894e+02	1.066086e-02	6.631398e+17	4.228624e+18	2.429646e-02
2.066700e+02	1.596939e+02	1.055183e-02	6.563274e+17	4.185213e+18	2.404797e-02
2.076700e+02	1.600985e+02	1.044281e-02	6.495150e+17	4.141801e+18	2.379948e-02
2.086700e+02	1.605031e+02	1.033379e-02	6.427026e+17	4.098389e+18	2.355099e-02
2.096700e+02	1.609076e+02	1.022476e-02	6.358902e+17	4.054977e+18	2.330250e-02
2.106700e+02	1.613122e+02	1.011574e-02	6.290778e+17	4.011565e+18	2.305401e-02
2.116700e+02	1.617168e+02	1.000672e-02	6.222653e+17	3.968153e+18	2.280552e-02
2.126700e+02	1.621214e+02	9.897692e-03	6.154529e+17	3.924741e+18	2.255703e-02
2.136700e+02	1.625259e+02	9.788668e-03	6.086405e+17	3.881329e+18	2.230854e-02
2.146700e+02	1.629305e+02	9.679644e-03	6.018281e+17	3.837917e+18	2.206005e-02
2.156700e+02	1.633351e+02	9.570620e-03	5.950157e+17	3.794505e+18	2.181156e-02
2.166700e+02	1.637397e+02	9.461596e-03	5.882033e+17	3.751093e+18	2.156308e-02
2.176700e+02	1.641442e+02	9.352572e-03	5.813909e+17	3.707682e+18	2.131459e-02
2.186700e+02	1.645488e+02	9.243548e-03	5.745785e+17	3.664270e+18	2.106610e-02
2.196700e+02	1.649534e+02	9.134525e-03	5.677661e+17	3.620858e+18	2.081761e-02
2.206700e+02	1.653579e+02	9.025501e-03	5.609537e+17	3.577446e+18	2.056912e-02
2.216700e+02	1.657625e+02	8.916477e-03	5.541413e+17	3.534034e+18	2.032063e-02
2.226700e+02	1.661671e+02	8.807453e-03	5.473289e+17	3.490622e+18	2.007214e-02
2.236700e+02	1.665717e+02	8.698429e-03	5.405165e+17	3.447210e+18	1.982365e-02
2.246700e+02	1.669762e+02	8.589405e-03	5.337041e+17	3.403798e+18	1.957516e-02
2.256700e+02	1.673808e+02	8.480381e-03	5.268917e+17	3.360386e+18	1.932667e-02
2.266700e+02	1.677854e+02	8.371358e-03	5.200793e+17	3.316974e+18	1.907818e-02
2.276700e+02	1.681900e+02	8.262334e-03	5.132669e+17	3.273563e+18	1.882970e-02
2.286700e+02	1.685945e+02	8.153310e-03	5.064545e+17	3.230151e+18	1.858121e-02
2.296700e+02	1.689991e+02	8.044286e-03	4.996421e+17	3.186739e+18	1.833272e-02
2.306700e+02	1.694037e+02	7.935262e-03	4.928297e+17	3.143327e+18	1.808423e-02
2.316700e+02	1.698082e+02	7.826238e-03	4.860173e+17	3.099915e+18	1.783574e-02
2.326700e+02	1.702128e+02	7.717214e-03	4.792049e+17	3.056503e+18	1.758725e-02
2.336700e+02	1.706174e+02	7.608191e-03	4.723925e+17	3.013091e+18	1.733876e-02
2.346700e+02	1.710220e+02	7.499167e-03	4.655800e+17	2.969679e+18	1.709027e-02
2.356700e+02	1.714265e+02	7.390143e-03	4.587676e+17	2.926267e+18	1.684178e-02
2.366700e+02	1.718311e+02	7.281119e-03	4.519552e+17	2.882855e+18	1.659329e-02
2.376700e+02	1.722357e+02	7.172095e-03	4.451428e+17	2.839443e+18	1.634480e-02
2.386700e+02	1.726402e+02	7.063071e-03	4.383304e+17	2.796032e+18	1.609632e-02
2.396700e+02	1.730448e+02	6.954047e-03	4.315180e+17	2.752620e+18	1.584783e-02
2.406700e+02	1.734494e+02	6.845024e-03	4.247056e+17	2.709208e+18	1.559934e-02
2.416700e+02	1.738540e+02	6.736000e-03	4.178932e+17	2.665796e+18	1.535085e-02
2.426700e+02	1.742585e+02	6.626976e-03	4.110808e+17	2.622384e+18	1.510236e-02
2.436700e+02	1.746631e+02	6.517952e-03	4.042684e+17	2.578972e+18	1.485387e-02
2.446700e+02	1.750677e+02	6.408928e-03	3.974560e+17	2.535560e+18	1.460538e-02
2.456700e+02	1.754723e+02	6.299904e-03	3.906436e+17	2.492148e+18	1.435689e-02
2.466700e+02	1.758768e+02	6.190880e-03	3.838312e+17	2.448736e+18	1.410840e-02
2.476700e+02	1.762814e+02	6.081857e-03	3.770188e+17	2.405324e+18	1.385991e-02
2.486700e+02	1.766860e+02	5.972833e-03	3.702064e+17	2.361913e+18	1.361142e-02
2.496700e+02	1.770905e+02	5.863809e-03	3.633940e+17	2.318501e+18	1.336293e-02
2.506700e+02	1.774951e+02	5.754785e-03	3.565816e+17	2.275089e+18	1.311445e-02
2.516700e+02	1.778997e+02	5.645761e-03	3.497692e+17	2.231677e+18	1.286596e-02
2.526700e+02	1.783043e+02	5.536737e-03	3.429568e+17	2.188265e+18	1.261747e-02
2.536700e+02	1.787088e+02	5.427713e-03	3.361444e+17	2.144853e+18	1.236898e-02
2.546700e+02	1.791134e+02	5.318690e-03	3.293320e+17	2.101441e+18	1.212049e-02
2.556700e+02	1.795180e+02	5.209666e-03	3.225196e+17	2.058029e+18	1.187200e-02
2.566700e+02	1.799226e+02	5.100642e-03	3.157072e+17	2.014617e+18	1.162351e-02
2.576700e+02	1.803271e+02	4.991618e-03	3.088948e+17	1.971205e+18	1.137502e-02
2.586700e+02	1.807317e+02	4.882594e-03	3.020823e+17	1.927794e+18	1.112653e-02
2.596700e+02	1.811363e+02	4.773570e-03	2.952699e+17	1.884382e+18	1.087804e-02
2.606700e+02	1.815408e+02	4.664546e-03	2.884575e+17	1.840970e+18	1.062955e-02
2.616700e+02	1.819454e+02	4.555523e-03	2.816451e+17	1.797558e+18	1.038107e-02
2.626700e+02	1.823500e+02	4.446499e-03	2.748327e+17	1.754146e+18	1.013258e-02
2.636700e+02	1.827546e+02	4.337475e-03	2.680203e+17	1.710734e+18	9.884087e-03
2.646700e+02	1.831591e+02	4.228451e-03	2.612079e+17	1.667322e+18	9.635598e-03
2.656700e+02	1.835637e+02	4.119427e-03	2.543955e+17	1.623910e+18	9.387109e-03
2.666700e+02	1.839683e+02	4.010403e-03	2.475831e+17	1.580498e+18	9.138620e-03
2.676700e+02	1.843729e+02	3.901379e-03	2.407707e+17	1.537086e+18	8.890131e-03
2.686700e+02	1.847774e+02	3.792356e-03	2.339583e+17	1.493674e+18	8.641642e-03
2.696700e+02	1.851820e+02	3.683332e-03	2.271459e+17	1.450263e+18	8.393153e-03
2.706700e+02	1.855866e+02	3.574308e-03	2.203335e+17	1.406851e+18	8.144663e-03
2.716700e+02	1.859911e+02	3.465284e-03	2.135211e+17	1.363439e+18	7.896174e-03
2.726700e+02	1.863957e+02	3.356260e-03	2.067087e+17	1.320027e+18	7.647685e-03
2.736700e+02	1.868003e+02	3.247236e-03	1.998963e+17	1.276615e+18	7.399196e-03
2.746700e+02	1.872049e+02	3.138212e-03	1.930839e+17	1.233203e+18	7.150707e-03
2.756700e+02	1.876094e+02	3.029189e-03	1.862715e+17	1.189791e+18	6.902218e-03
2.766700e+02	1.880140e+02	2.920165e-03	1.794591e+17	1.146379e+18	6.653729e-03
2.776700e+02	1.884186e+02	2.811141e-03	1.726467e+17	1.102967e+18	6.405240e-03
2.786700e+02	1.888232e+02	2.702117e-03	1.658343e+17	1.059555e+18	6.156751e-03
2.796700e+02	1.892277e+02	2.593093e-03	1.590219e+17	1.016144e+18	5.908261e-03
2.806700e+02	1.896323e+02	2.484069e-03	1.522095e+17	9.727316e+17	5.659772e-03
2.816700e+02	1.900369e+02	2.375045e-03	1.453971e+17	9.293197e+17	5.411283e-03
2.826700e+02	1.904414e+02	2.266022e-03	1.385846e+17	8.859078e+17	5.162794e-03
2.836700e+02	1.908460e+02	2.156998e-03	1.317722e+17	8.424959e+17	4.914305e-03
2.846700e+02	1.912506e+02	2.047974e-03	1.249598e+17	7.990840e+17	4.665816e-03
2.856700e+02	1.916552e+02	1.938950e-03	1.181474e+17	7.556721e+17	4.417327e-03
2.866700e+02	1.920597e+02	1.829926e-03	1.113350e+17	7.122602e+17	4.168838e-03
2.876700e+02	1.924643e+02	1.720902e-03	1.045226e+17	6.688483e+17	3.920349e-03
2.886700e+02	1.928689e+02	1.611878e-03	9.771022e+16	6.254364e+17	3.671859e-03
2.896700e+02	1.932734e+02	1.502855e-03	9.089782e+16	5.820245e+17	3.423370e-03
2.906700e+02	1.936780e+02	1.393831e-03	8.408541e+16	5.386126e+17	3.174881e-03
2.916700e+02	1.940826e+02	1.284807e-03	7.727301e+16	4.952007e+17	2.926392e-03
2.926700e+02	1.944872e+02	1.175783e-03	7.046060e+16	4.517888e+17	2.677903e-03
2.936700e+02	1.948917e+02	1.066759e-03	6.364820e+16	4.083769e+17	2.429414e-03
2.946700e+02	1.952963e+02	9.577353e-04	5.683580e+16	3.649650e+17	2.180925e-03
2.956700e+02	1.957009e+02	8.487115e-04	5.002339e+16	3.215531e+17	1.932436e-03
2.966700e+02	1.961055e+02	7.396876e-04	4.321099e+16	2.781412e+17	1.683947e-03
2.976700e+02	1.965100e+02	6.306638e-04	3.639858e+16	2.347293e+17	1.435457e-03
2.986700e+02	1.969146e+02	5.216399e-04	2.958618e+16	1.913174e+17	1.186968e-03
2.996700e+02	1.973192e+02	4.126160e-04	2.277378e+16	1.479055e+17	9.384792e-04
3.006700e+02	1.977237e+02	3.035922e-04	1.596137e+16	1.044936e+17	6.899901e-04
3.016700e+02	1.981149e+02	2.019713e-04	9.614349e+15	6.404744e+16	4.583737e-04
3.026700e+02	1.983285e+02	1.987042e-04	9.450259e+15	6.300406e+16	4.509232e-04
3.036700e+02	1.985421e+02	1.954370e-04	9.286168e+15	6.196068e+16	4.434727e-04
3.046700e+02	1.987556e+02	1.921699e-04	9.122078e+15	6.091729e+16	4.360222e-04
3.056700e+02	1.989692e+02	1.889027e-04	8.957988e+15	5.987391e+16	4.285717e-04
3.066700e+02	1.991827e+02	1.856356e-04	8.793898e+15	5.883053e+16	4.211212e-04
3.076700e+02	1.993963e+02	1.823684e-04	8.629808e+15	5.778714e+16	4.136707e-04
3.086700e+02	1.996098e+02	1.791013e-04	8.465718e+15	5.674376e+16	4.062202e-04
3.096700e+02	1.998234e+02	1.758341e-04	8.301628e+15	5.570037e+16	3.987697e-04
3.106700e+02	2.000369e+02	1.725670e-04	8.137538e+15	5.465699e+16	3.913192e-04
3.116700e+02	2.002505e+02	1.692998e-04	7.973447e+15	5.361361e+16	3.838688e-04
3.126700e+02	2.004640e+02	1.660327e-04	7.809357e+15	5.257022e+16	3.764183e-04
3.136700e+02	2.006776e+02	1.627656e-04	7.645267e+15	5.152684e+16	3.689678e-04
3.146700e+02	2.008911e+02	1.594984e-04	7.481177e+15	5.048346e+16	3.615173e-04
3.156700e+02	2.011047e+02	1.562313e-04	7.317087e+15	4.944007e+16	3.540668e-04
3.166700e+02	2.013182e+02	1.529641e-04	7.152997e+15	4.839669e+16	3.466163e-04
3.176700e+02	2.015318e+02	1.496970e-04	6.988907e+15	4.735331e+16	3.391658e-04
3.186700e+02	2.017453e+02	1.464298e-04	6.824817e+15	4.630992e+16	3.317153e-04
3.196700e+02	2.019589e+02	1.431627e-04	6.660726e+15	4.526654e+16	3.242648e-04
3.206700e+02	2.021724e+02	1.398955e-04	6.496636e+15	4.422316e+16	3.168143e-04
3.216700e+02	2.023860e+02	1.366284e-04	6.332546e+15	4.317977e+16	3.093638e-04
3.226700e+02	2.025995e+02	1.333612e-04	6.168456e+15	4.213639e+16	3.019134e-04
3.236700e+02	2.028131e+02	1.300941e-04	6.004366e+15	4.109300e+16	2.944629e-04
3.246700e+02	2.030267e+02	1.268269e-04	5.840276e+15	4.004962e+16	2.870124e-04
3.256700e+02	2.032402e+02	1.235598e-04	5.676186e+15	3.900624e+16	2.795619e-04
3.266700e+02	2.034538e+02	1.202927e-04	5.512096e+15	3.796285e+16	2.721114e-04
3.276700e+02	2.036673e+02	1.170255e-04	5.348005e+15	3.691947e+16	2.646609e-04
3.286700e+02	2.038809e+02	1.137584e-04	5.183915e+15	3.587609e+16	2.572104e-04
3.296700e+02	2.040944e+02	1.104912e-04	5.019825e+15	3.483270e+16	2.497599e-04
3.306700e+02	2.043080e+02	1.072241e-04	4.855735e+15	3.378932e+16	2.423094e-04
3.316700e+02	2.045215e+02	1.039569e-04	4.691645e+15	3.274594e+16	2.348589e-04
3.326700e+02	2.047351e+02	1.006898e-04	4.527555e+15	3.170255e+16	2.274084e-04
3.336700e+02	2.049486e+02	9.742263e-05	4.363465e+15	3.065917e+16	2.199580e-04
3.346700e+02	2.051622e+02	9.415549e-05	4.199375e+15	2.961579e+16	2.125075e-04
3.356700e+02	2.053757e+02	9.088834e-05	4.035285e+15	2.857240e+16	2.050570e-04
3.366700e+02	2.055893e+02	8.762120e-05	3.871194e+15	2.752902e+16	1.976065e-04
3.376700e+02	2.058028e+02	8.435405e-05	3.707104e+15	2.648563e+16	1.901560e-04
3.386700e+02	2.060164e+02	8.108691e-05	3.543014e+15	2.544225e+16	1.827055e-04
3.396700e+02	2.062299e+02	7.781976e-05	3.378924e+15	2.439887e+16	1.752550e-04
3.406700e+02	2.064435e+02	7.455261e-05	3.214834e+15	2.335548e+16	1.678045e-04
3.416700e+02	2.066570e+02	7.128547e-05	3.050744e+15	2.231210e+16	1.603540e-04
3.426700e+02	2.068706e+02	6.801832e-05	2.886654e+15	2.126872e+16	1.529035e-04
3.436700e+02	2.070841e+02	6.475118e-05	2.722564e+15	2.022533e+16	1.454530e-04
3.446700e+02	2.072977e+02	6.148403e-05	2.558473e+15	1.918195e+16	1.380026e-04
3.456700e+02	2.075113e+02	5.821689e-05	2.394383e+15	1.813857e+16	1.305521e-04
3.466700e+02	2.077248e+02	5.494974e-05	2.230293e+15	1.709518e+16	1.231016e-04
3.476700e+02	2.079384e+02	5.168259e-05	2.066203e+15	1.605180e+16	1.156511e-04
3.486700e+02	2.081519e+02	4.841545e-05	1.902113e+15	1.500842e+16	1.082006e-04
3.496700e+02	2.083655e+02	4.514830e-05	1.738023e+15	1.396503e+16	1.007501e-04
3.506700e+02	2.097573e+02	4.287755e-05	1.623944e+15	1.322817e+16	9.557413e-05
3.516700e+02	2.131553e+02	4.230335e-05	1.595020e+15	1.301321e+16	9.427100e-05
3.526700e+02	2.165533e+02	4.172915e-05	1.566096e+15	1.279825e+16	9.296786e-05
3.536700e+02	2.199513e+02	4.115495e-05	1.537172e+15	1.258330e+16	9.166473e-05
3.546700e+02	2.233493e+02	4.058075e-05	1.508248e+15	1.236834e+16	9.036159e-05
3.556700e+02	2.267473e+02	4.000655e-05	1.479324e+15	1.215339e+16	8.905846e-05
3.566700e+02	2.301453e+02	3.943235e-05	1.450399e+15	1.193843e+16	8.775532e-05
3.576700e+02	2.335433e+02	3.885815e-05	1.421475e+15	1.172347e+16	8.645219e-05
3.586700e+02	2.369413e+02	3.828395e-05	1.392551e+15	1.150852e+16	8.514905e-05
3.596700e+02	2.403393e+02	3.770975e-05	1.363627e+15	1.129356e+16	8.384592e-05
3.606700e+02	2.437373e+02	3.713555e-05	1.334703e+15	1.107860e+16	8.254278e-05
3.616700e+02	2.471353e+02	3.656135e-05	1.305779e+15	1.086365e+16	8.123965e-05
3.626700e+02	2.505333e+02	3.598715e-05	1.276855e+15	1.064869e+16	7.993651e-05
3.636700e+02	2.539313e+02	3.541295e-05	1.247931e+15	1.043374e+16	7.863338e-05
3.646700e+02	2.573293e+02	3.483875e-05	1.219007e+15	1.021878e+16	7.733024e-05
3.656700e+02	2.607273e+02	3.426455e-05	1.190083e+15	1.000382e+16	7.602711e-05
3.666700e+02	2.641253e+02	3.369035e-05	1.161158e+15	9.788867e+15	7.472397e-05
3.676700e+02	2.675233e+02	3.311615e-05	1.132234e+15	9.573911e+15	7.342084e-05
3.686700e+02	2.709213e+02	3.254195e-05	1.103310e+15	9.358955e+15	7.211770e-05
3.696700e+02	2.743193e+02	3.196775e-05	1.074386e+15	9.143999e+15	7.081457e-05
3.706700e+02	2.777173e+02	3.139355e-05	1.045462e+15	8.929043e+15	6.951143e-05
3.716700e+02	2.811153e+02	3.081935e-05	1.016538e+15	8.714086e+15	6.820830e-05
3.726700e+02	2.845133e+02	3.024515e-05	9.876139e+14	8.499130e+15	6.690516e-05
3.736700e+02	2.879113e+02	2.967095e-05	9.586898e+14	8.284174e+15	6.560203e-05
3.746700e+02	2.913093e+02	2.909675e-05	9.297657e+14	8.069218e+15	6.429889e-05
3.756700e+02	2.947073e+02	2.852255e-05	9.008416e+14	7.854262e+15	6.299576e-05
3.766700e+02	2.981053e+02	2.794835e-05	8.719175e+14	7.639306e+15	6.169263e-05
3.776700e+02	3.015033e+02	2.737415e-05	8.429934e+14	7.424349e+15	6.038949e-05
3.786700e+02	3.049013e+02	2.679995e-05	8.140693e+14	7.209393e+15	5.908636e-05
3.796700e+02	3.082993e+02	2.622575e-05	7.851452e+14	6.994437e+15	5.778322e-05
3.806700e+02	3.116973e+02	2.565155e-05	7.562211e+14	6.779481e+15	5.648009e-05
3.816700e+02	3.150953e+02	2.507735e-05	7.272970e+14	6.564525e+15	5.517695e-05
3.826700e+02	3.184933e+02	2.450315e-05	6.983729e+14	6.349568e+15	5.387382e-05
3.836700e+02	3.218913e+02	2.392895e-05	6.694488e+14	6.134612e+15	5.257068e-05
3.846700e+02	3.252893e+02	2.335475e-05	6.405247e+14	5.919656e+15	5.126755e-05
3.856700e+02	3.286873e+02	2.278055e-05	6.116006e+14	5.704700e+15	4.996441e-05
3.866700e+02	3.320853e+02	2.220635e-05	5.826765e+14	5.489744e+15	4.866128e-05
3.876700e+02	3.354833e+02	2.163215e-05	5.537524e+14	5.274788e+15	4.735814e-05
3.886700e+02	3.388813e+02	2.105795e-05	5.248283e+14	5.059831e+15	4.605501e-05
3.896700e+02	3.422793e+02	2.048375e-05	4.959042e+14	4.844875e+15	4.475187e-05
3.906700e+02	3.456773e+02	1.990955e-05	4.669801e+14	4.629919e+15	4.344874e-05
3.916700e+02	3.490753e+02	1.933535e-05	4.380560e+14	4.414963e+15	4.214560e-05
3.926700e+02	3.524733e+02	1.876115e-05	4.091319e+14	4.200007e+15	4.084247e-05
3.936700e+02	3.558713e+02	1.818695e-05	3.802078e+14	3.985050e+15	3.953933e-05
3.946700e+02	3.592693e+02	1.761275e-05	3.512837e+14	3.770094e+15	3.823620e-05
3.956700e+02	3.626673e+02	1.703855e-05	3.223596e+14	3.555138e+15	3.693306e-05
3.966700e+02	3.660653e+02	1.646435e-05	2.934355e+14	3.340182e+15	3.562993e-05
3.976700e+02	3.694633e+02	1.589015e-05	2.645114e+14	3.125226e+15	3.432679e-05
3.986700e+02	3.728613e+02	1.531595e-05	2.355873e+14	2.910270e+15	3.302366e-05
3.996700e+02	3.762593e+02	1.474175e-05	2.066632e+14	2.695313e+15	3.172052e-05
4.006700e+02	3.790302e+02	1.434230e-05	1.877949e+14	2.552402e+15	3.081718e-05
4.016700e+02	3.807333e+02	1.424042e-05	1.860485e+14	2.532163e+15	3.059455e-05
4.026700e+02	3.824364e+02	1.413853e-05	1.843022e+14	2.511923e+15	3.037192e-05
4.036700e+02	3.841395e+02	1.403665e-05	1.825558e+14	2.491683e+15	3.014929e-05
4.046700e+02	3.858426e+02	1.393476e-05	1.808095e+14	2.471444e+15	2.992666e-05
4.056700e+02	3.875457e+02	1.383287e-05	1.790632e+14	2.451204e+15	2.970403e-05
4.066700e+02	3.892488e+02	1.373099e-05	1.773168e+14	2.430964e+15	2.948141e-05
4.076700e+02	3.909519e+02	1.362910e-05	1.755705e+14	2.410725e+15	2.925878e-05
4.086700e+02	3.926550e+02	1.352722e-05	1.738241e+14	2.390485e+15	2.903615e-05
4.096700e+02	3.943581e+02	1.342533e-05	1.720778e+14	2.370245e+15	2.881352e-05
4.106700e+02	3.960612e+02	1.332345e-05	1.703315e+14	2.350006e+15	2.859089e-05
4.116700e+02	3.977644e+02	1.322156e-05	1.685851e+14	2.329766e+15	2.836826e-05
4.126700e+02	3.994675e+02	1.311967e-05	1.668388e+14	2.309527e+15	2.814563e-05
4.136700e+02	4.011706e+02	1.301779e-05	1.650924e+14	2.289287e+15	2.792300e-05
4.146700e+02	4.028737e+02	1.291590e-05	1.633461e+14	2.269047e+15	2.770038e-05
4.156700e+02	4.045768e+02	1.281402e-05	1.615998e+14	2.248808e+15	2.747775e-05
4.166700e+02	4.062799e+02	1.271213e-05	1.598534e+14	2.228568e+15	2.725512e-05
4.176700e+02	4.079830e+02	1.261025e-05	1.581071e+14	2.208328e+15	2.703249e-05
4.186700e+02	4.096861e+02	1.250836e-05	1.563607e+14	2.188089e+15	2.680986e-05
4.196700e+02	4.113892e+02	1.240647e-05	1.546144e+14	2.167849e+15	2.658723e-05
4.206700e+02	4.130923e+02	1.230459e-05	1.528681e+14	2.147609e+15	2.636460e-05
4.216700e+02	4.147954e+02	1.220270e-05	1.511217e+14	2.127370e+15	2.614197e-05
4.226700e+02	4.164986e+02	1.210082e-05	1.493754e+14	2.107130e+15	2.591935e-05
4.236700e+02	4.182017e+02	1.199893e-05	1.476290e+14	2.086890e+15	2.569672e-05
4.246700e+02	4.199048e+02	1.189705e-05	1.458827e+14	2.066651e+15	2.547409e-05
4.256700e+02	4.216079e+02	1.179516e-05	1.441364e+14	2.046411e+15	2.525146e-05
4.266700e+02	4.233110e+02	1.169328e-05	1.423900e+14	2.026171e+15	2.502883e-05
4.276700e+02	4.250141e+02	1.159139e-05	1.406437e+14	2.005932e+15	2.480620e-05
4.286700e+02	4.267172e+02	1.148950e-05	1.388973e+14	1.985692e+15	2.458357e-05
4.296700e+02	4.284203e+02	1.138762e-05	1.371510e+14	1.965452e+15	2.436094e-05
4.306700e+02	4.301234e+02	1.128573e-05	1.354047e+14	1.945213e+15	2.413832e-05
4.316700e+02	4.318265e+02	1.118385e-05	1.336583e+14	1.924973e+15	2.391569e-05
4.326700e+02	4.335296e+02	1.108196e-05	1.319120e+14	1.904733e+15	2.369306e-05
4.336700e+02	4.352328e+02	1.098008e-05	1.301656e+14	1.884494e+15	2.347043e-05
4.346700e+02	4.369359e+02	1.087819e-05	1.284193e+14	1.864254e+15	2.324780e-05
4.356700e+02	4.386390e+02	1.077630e-05	1.266730e+14	1.844015e+15	2.302517e-05
4.366700e+02	4.403421e+02	1.067442e-05	1.249266e+14	1.823775e+15	2.280254e-05
4.376700e+02	4.420452e+02	1.057253e-05	1.231803e+14	1.803535e+15	2.257991e-05
4.386700e+02	4.437483e+02	1.047065e-05	1.214339e+14	1.783296e+15	2.235729e-05
4.396700e+02	4.454514e+02	1.036876e-05	1.196876e+14	1.763056e+15	2.213466e-05
4.406700e+02	4.471545e+02	1.026688e-05	1.179413e+14	1.742816e+15	2.191203e-05
4.416700e+02	4.488576e+02	1.016499e-05	1.161949e+14	1.722577e+15	2.168940e-05
4.426700e+02	4.505607e+02	1.006310e-05	1.144486e+14	1.702337e+15	2.146677e-05
4.436700e+02	4.522639e+02	9.961219e-06	1.127022e+14	1.682097e+15	2.124414e-05
4.446700e+02	4.539670e+02	9.859333e-06	1.109559e+14	1.661858e+15	2.102151e-05
4.456700e+02	4.556701e+02	9.757448e-06	1.092096e+14	1.641618e+15	2.079889e-05
4.466700e+02	4.573732e+02	9.655562e-06	1.074632e+14	1.621378e+15	2.057626e-05
4.476700e+02	4.590763e+02	9.553676e-06	1.057169e+14	1.601139e+15	2.035363e-05
4.486700e+02	4.607794e+02	9.451791e-06	1.039705e+14	1.580899e+15	2.013100e-05
4.496700e+02	4.624825e+02	9.349905e-06	1.022242e+14	1.560659e+15	1.990837e-05
4.506700e+02	4.641856e+02	9.248019e-06	1.004779e+14	1.540420e+15	1.968574e-05
4.516700e+02	4.658887e+02	9.146134e-06	9.873152e+13	1.520180e+15	1.946311e-05
4.526700e+02	4.675918e+02	9.044248e-06	9.698518e+13	1.499940e+15	1.924048e-05
4.536700e+02	4.692949e+02	8.942362e-06	9.523884e+13	1.479701e+15	1.901786e-05
4.546700e+02	4.709981e+02	8.840477e-06	9.349250e+13	1.459461e+15	1.879523e-05
4.556700e+02	4.727012e+02	8.738591e-06	9.174616e+13	1.439221e+15	1.857260e-05
4.566700e+02	4.744043e+02	8.636706e-06	8.999982e+13	1.418982e+15	1.834997e-05
4.576700e+02	4.761074e+02	8.534820e-06	8.825348e+13	1.398742e+15	1.812734e-05
4.586700e+02	4.778105e+02	8.432934e-06	8.650714e+13	1.378503e+15	1.790471e-05
4.596700e+02	4.795136e+02	8.331049e-06	8.476080e+13	1.358263e+15	1.768208e-05
4.606700e+02	4.812167e+02	8.229163e-06	8.301447e+13	1.338023e+15	1.745945e-05
4.616700e+02	4.829198e+02	8.127277e-06	8.126813e+13	1.317784e+15	1.723683e-05
4.626700e+02	4.846229e+02	8.025392e-06	7.952179e+13	1.297544e+15	1.701420e-05
4.636700e+02	4.863260e+02	7.923506e-06	7.777545e+13	1.277304e+15	1.679157e-05
4.646700e+02	4.880291e+02	7.821620e-06	7.602911e+13	1.257065e+15	1.656894e-05
4.656700e+02	4.897323e+02	7.719735e-06	7.428277e+13	1.236825e+15	1.634631e-05
4.666700e+02	4.914354e+02	7.617849e-06	7.253643e+13	1.216585e+15	1.612368e-05
4.676700e+02	4.931385e+02	7.515963e-06	7.079009e+13	1.196346e+15	1.590105e-05
4.686700e+02	4.948416e+02	7.414078e-06	6.904375e+13	1.176106e+15	1.567842e-05
4.696700e+02	4.965447e+02	7.312192e-06	6.729741e+13	1.155866e+15	1.545580e-05
4.706700e+02	4.982478e+02	7.210306e-06	6.555107e+13	1.135627e+15	1.523317e-05
4.716700e+02	4.999509e+02	7.108421e-06	6.380473e+13	1.115387e+15	1.501054e-05
4.726700e+02	5.016540e+02	7.006535e-06	6.205839e+13	1.095147e+15	1.478791e-05
4.736700e+02	5.033571e+02	6.904649e-06	6.031205e+13	1.074908e+15	1.456528e-05
4.746700e+02	5.050602e+02	6.802764e-06	5.856571e+13	1.054668e+15	1.434265e-05
4.756700e+02	5.067634e+02	6.700878e-06	5.681937e+13	1.034428e+15	1.412002e-05
4.766700e+02	5.084665e+02	6.598992e-06	5.507303e+13	1.014189e+15	1.389739e-05
4.776700e+02	5.101696e+02	6.497107e-06	5.332669e+13	9.939491e+14	1.367477e-05
4.786700e+02	5.118727e+02	6.395221e-06	5.158035e+13	9.737095e+14	1.345214e-05
4.796700e+02	5.135758e+02	6.293335e-06	4.983401e+13	9.534698e+14	1.322951e-05
4.806700e+02	5.152789e+02	6.191450e-06	4.808767e+13	9.332302e+14	1.300688e-05
4.816700e+02	5.169820e+02	6.089564e-06	4.634133e+13	9.129905e+14	1.278425e-05
4.826700e+02	5.186851e+02	5.987678e-06	4.459499e+13	8.927509e+14	1.256162e-05
4.836700e+02	5.203882e+02	5.885793e-06	4.284865e+13	8.725112e+14	1.233899e-05
4.846700e+02	5.220913e+02	5.783907e-06	4.110231e+13	8.522716e+14	1.211637e-05
4.856700e+02	5.237944e+02	5.682021e-06	3.935597e+13	8.320319e+14	1.189374e-05
4.866700e+02	5.254976e+02	5.580136e-06	3.760963e+13	8.117923e+14	1.167111e-05
4.876700e+02	5.272007e+02	5.478250e-06	3.586329e+13	7.915526e+14	1.144848e-05
4.886700e+02	5.289038e+02	5.376364e-06	3.411695e+13	7.713130e+14	1.122585e-05
4.896700e+02	5.306069e+02	5.274479e-06	3.237061e+13	7.510733e+14	1.100322e-05
4.906700e+02	5.323100e+02	5.172593e-06	3.062427e+13	7.308337e+14	1.078059e-05
4.916700e+02	5.340131e+02	5.070708e-06	2.887793e+13	7.105940e+14	1.055796e-05
4.926700e+02	5.357162e+02	4.968822e-06	2.713159e+13	6.903543e+14	1.033534e-05
4.936700e+02	5.374193e+02	4.866936e-06	2.538525e+13	6.701147e+14	1.011271e-05
4.946700e+02	5.391224e+02	4.765051e-06	2.363891e+13	6.498750e+14	9.890078e-06
4.956700e+02	5.408255e+02	4.663165e-06	2.189257e+13	6.296354e+14	9.667449e-06
4.966700e+02	5.425286e+02	4.561279e-06	2.014623e+13	6.093957e+14	9.444821e-06
4.976700e+02	5.442318e+02	4.459394e-06	1.839989e+13	5.891561e+14	9.222192e-06
4.986700e+02	5.459349e+02	4.357508e-06	1.665355e+13	5.689164e+14	8.999563e-06
4.996700e+02	5.476380e+02	4.255622e-06	1.490721e+13	5.486768e+14	8.776934e-06
5.006700e+02	5.490228e+02	4.205344e-06	1.424899e+13	5.396025e+14	8.668762e-06
5.016700e+02	5.502508e+02	4.180484e-06	1.412671e+13	5.360276e+14	8.616964e-06
5.026700e+02	5.514788e+02	4.155624e-06	1.400442e+13	5.324528e+14	8.565166e-06
5.036700e+02	5.527068e+02	4.130764e-06	1.388214e+13	5.288779e+14	8.513367e-06
5.046700e+02	5.539348e+02	4.105904e-06	1.375986e+13	5.253030e+14	8.461569e-06
5.056700e+02	5.551628e+02	4.081044e-06	1.363757e+13	5.217281e+14	8.409771e-06
5.066700e+02	5.563908e+02	4.056184e-06	1.351529e+13	5.181532e+14	8.357972e-06
5.076700e+02	5.576188e+02	4.031324e-06	1.339301e+13	5.145783e+14	8.306174e-06
5.086700e+02	5.588468e+02	4.006464e-06	1.327072e+13	5.110034e+14	8.254376e-06
5.096700e+02	5.600748e+02	3.981604e-06	1.314844e+13	5.074286e+14	8.202577e-06
5.106700e+02	5.613028e+02	3.956744e-06	1.302616e+13	5.038537e+14	8.150779e-06
5.116700e+02	5.625308e+02	3.931884e-06	1.290387e+13	5.002788e+14	8.098981e-06
5.126700e+02	5.637588e+02	3.907024e-06	1.278159e+13	4.967039e+14	8.047183e-06
5.136700e+02	5.649868e+02	3.882164e-06	1.265930e+13	4.931290e+14	7.995384e-06
5.146700e+02	5.662148e+02	3.857304e-06	1.253702e+13	4.895541e+14	7.943586e-06
5.156700e+02	5.674428e+02	3.832444e-06	1.241474e+13	4.859792e+14	7.891788e-06
5.166700e+02	5.686708e+02	3.807584e-06	1.229245e+13	4.824044e+14	7.839989e-06
5.176700e+02	5.698988e+02	3.782724e-06	1.217017e+13	4.788295e+14	7.788191e-06
5.186700e+02	5.711268e+02	3.757864e-06	1.204789e+13	4.752546e+14	7.736393e-06
5.196700e+02	5.723548e+02	3.733004e-06	1.192560e+13	4.716797e+14	7.684594e-06
5.206700e+02	5.735828e+02	3.708144e-06	1.180332e+13	4.681048e+14	7.632796e-06
5.216700e+02	5.748108e+02	3.683284e-06	1.168104e+13	4.645299e+14	7.580998e-06
5.226700e+02	5.760388e+02	3.658424e-06	1.155875e+13	4.609550e+14	7.529200e-06
5.236700e+02	5.772668e+02	3.633564e-06	1.143647e+13	4.573801e+14	7.477401e-06
5.246700e+02	5.784948e+02	3.608704e-06	1.131419e+13	4.538053e+14	7.425603e-06
5.256700e+02	5.797228e+02	3.583844e-06	1.119190e+13	4.502304e+14	7.373805e-06
5.266700e+02	5.809508e+02	3.558984e-06	1.106962e+13	4.466555e+14	7.322006e-06
5.276700e+02	5.821788e+02	3.534124e-06	1.094734e+13	4.430806e+14	7.270208e-06
5.286700e+02	5.834068e+02	3.509264e-06	1.082505e+13	4.395057e+14	7.218410e-06
5.296700e+02	5.846348e+02	3.484404e-06	1.070277e+13	4.359308e+14	7.166611e-06
5.306700e+02	5.858628e+02	3.459544e-06	1.058049e+13	4.323559e+14	7.114813e-06
5.316700e+02	5.870908e+02	3.434684e-06	1.045820e+13	4.287811e+14	7.063015e-06
5.326700e+02	5.883188e+02	3.409824e-06	1.033592e+13	4.252062e+14	7.011217e-06
5.336700e+02	5.895468e+02	3.384964e-06	1.021364e+13	4.216313e+14	6.959418e-06
5.346700e+02	5.907748e+02	3.360104e-06	1.009135e+13	4.180564e+14	6.907620e-06
5.356700e+02	5.920028e+02	3.335244e-06	9.969068e+12	4.144815e+14	6.855822e-06
5.366700e+02	5.932308e+02	3.310384e-06	9.846785e+12	4.109066e+14	6.804023e-06
5.376700e+02	5.944588e+02	3.285524e-06	9.724501e+12	4.073317e+14	6.752225e-06
5.386700e+02	5.956868e+02	3.260664e-06	9.602218e+12	4.037569e+14	6.700427e-06
5.396700e+02	5.969148e+02	3.235804e-06	9.479934e+12	4.001820e+14	6.648628e-06
5.406700e+02	5.981428e+02	3.210944e-06	9.357651e+12	3.966071e+14	6.596830e-06
5.416700e+02	5.993708e+02	3.186084e-06	9.235367e+12	3.930322e+14	6.545032e-06
5.426700e+02	6.005988e+02	3.161224e-06	9.113084e+12	3.894573e+14	6.493234e-06
5.436700e+02	6.018268e+02	3.136364e-06	8.990800e+12	3.858824e+14	6.441435e-06
5.446700e+02	6.030548e+02	3.111504e-06	8.868517e+12	3.823075e+14	6.389637e-06
5.456700e+02	6.042828e+02	3.086644e-06	8.746233e+12	3.787327e+14	6.337839e-06
5.466700e+02	6.055108e+02	3.061784e-06	8.623950e+12	3.751578e+14	6.286040e-06
5.476700e+02	6.067388e+02	3.036924e-06	8.501667e+12	3.715829e+14	6.234242e-06
5.486700e+02	6.079668e+02	3.012064e-06	8.379383e+12	3.680080e+14	6.182444e-06
5.496700e+02	6.091948e+02	2.987204e-06	8.257100e+12	3.644331e+14	6.130645e-06
5.506700e+02	6.104228e+02	2.962344e-06	8.134816e+12	3.608582e+14	6.078847e-06
5.516700e+02	6.116508e+02	2.937484e-06	8.012533e+12	3.572833e+14	6.027049e-06
5.526700e+02	6.128788e+02	2.912624e-06	7.890249e+12	3.537085e+14	5.975251e-06
5.536700e+02	6.141068e+02	2.887764e-06	7.767966e+12	3.501336e+14	5.923452e-06
5.546700e+02	6.153348e+02	2.862904e-06	7.645682e+12	3.465587e+14	5.871654e-06
5.556700e+02	6.165628e+02	2.838044e-06	7.523399e+12	3.429838e+14	5.819856e-06
5.566700e+02	6.177908e+02	2.813184e-06	7.401115e+12	3.394089e+14	5.768057e-06
5.576700e+02	6.190188e+02	2.788324e-06	7.278832e+12	3.358340e+14	5.716259e-06
5.586700e+02	6.202468e+02	2.763464e-06	7.156548e+12	3.322591e+14	5.664461e-06
5.596700e+02	6.214748e+02	2.738604e-06	7.034265e+12	3.286843e+14	5.612662e-06
5.606700e+02	6.227028e+02	2.713744e-06	6.911981e+12	3.251094e+14	5.560864e-06
5.616700e+02	6.239308e+02	2.688884e-06	6.789698e+12	3.215345e+14	5.509066e-06
5.626700e+02	6.251588e+02	2.664024e-06	6.667414e+12	3.179596e+14	5.457268e-06
5.636700e+02	6.263868e+02	2.639164e-06	6.545131e+12	3.143847e+14	5.405469e-06
5.646700e+02	6.276148e+02	2.614304e-06	6.422847e+12	3.108098e+14	5.353671e-06
5.656700e+02	6.288428e+02	2.589444e-06	6.300564e+12	3.072349e+14	5.301873e-06
5.666700e+02	6.300708e+02	2.564584e-06	6.178280e+12	3.036601e+14	5.250074e-06
5.676700e+02	6.312988e+02	2.539724e-06	6.055997e+12	3.000852e+14	5.198276e-06
5.686700e+02	6.325268e+02	2.514864e-06	5.933713e+12	2.965103e+14	5.146478e-06
5.696700e+02	6.337548e+02	2.490004e-06	5.811430e+12	2.929354e+14	5.094679e-06
5.706700e+02	6.349828e+02	2.465144e-06	5.689146e+12	2.893605e+14	5.042881e-06
5.716700e+02	6.362108e+02	2.440284e-06	5.566863e+12	2.857856e+14	4.991083e-06
5.726700e+02	6.374388e+02	2.415424e-06	5.444580e+12	2.822107e+14	4.939285e-06
5.736700e+02	6.386668e+02	2.390564e-06	5.322296e+12	2.786358e+14	4.887486e-06
5.746700e+02	6.398948e+02	2.365704e-06	5.200013e+12	2.750610e+14	4.835688e-06
5.756700e+02	6.411228e+02	2.340844e-06	5.077729e+12	2.714861e+14	4.783890e-06
5.766700e+02	6.423508e+02	2.315984e-06	4.955446e+12	2.679112e+14	4.732091e-06
5.776700e+02	6.435788e+02	2.291124e-06	4.833162e+12	2.643363e+14	4.680293e-06
5.786700e+02	6.448068e+02	2.266264e-06	4.710879e+12	2.607614e+14	4.628495e-06
5.796700e+02	6.460348e+02	2.241404e-06	4.588595e+12	2.571865e+14	4.576696e-06
5.806700e+02	6.472628e+02	2.216544e-06	4.466312e+12	2.536116e+14	4.524898e-06
5.816700e+02	6.484908e+02	2.191684e-06	4.344028e+12	2.500368e+14	4.473100e-06
5.826700e+02	6.497188e+02	2.166824e-06	4.221745e+12	2.464619e+14	4.421302e-06
5.836700e+02	6.509468e+02	2.141964e-06	4.099461e+12	2.428870e+14	4.369503e-06
5.846700e+02	6.521748e+02	2.117104e-06	3.977178e+12	2.393121e+14	4.317705e-06
5.856700e+02	6.534028e+02	2.092244e-06	3.854894e+12	2.357372e+14	4.265907e-06
5.866700e+02	6.546308e+02	2.067384e-06	3.732611e+12	2.321623e+14	4.214108e-06
5.876700e+02	6.558588e+02	2.042524e-06	3.610327e+12	2.285874e+14	4.162310e-06
5.886700e+02	6.570868e+02	2.017664e-06	3.488044e+12	2.250126e+14	4.110512e-06
5.896700e+02	6.583148e+02	1.992804e-06	3.365760e+12	2.214377e+14	4.058713e-06
5.906700e+02	6.595428e+02	1.967944e-06	3.243477e+12	2.178628e+14	4.006915e-06
5.916700e+02	6.607708e+02	1.943084e-06	3.121193e+12	2.142879e+14	3.955117e-06
5.926700e+02	6.619988e+02	1.918224e-06	2.998910e+12	2.107130e+14	3.903319e-06
5.936700e+02	6.632268e+02	1.893364e-06	2.876626e+12	2.071381e+14	3.851520e-06
5.946700e+02	6.644548e+02	1.868504e-06	2.754343e+12	2.035632e+14	3.799722e-06
5.956700e+02	6.656828e+02	1.843644e-06	2.632059e+12	1.999884e+14	3.747924e-06
5.966700e+02	6.669108e+02	1.818784e-06	2.509776e+12	1.964135e+14	3.696125e-06
5.976700e+02	6.681388e+02	1.793924e-06	2.387493e+12	1.928386e+14	3.644327e-06
5.986700e+02	6.693668e+02	1.769064e-06	2.265209e+12	1.892637e+14	3.592529e-06
5.996700e+02	6.705948e+02	1.744204e-06	2.142926e+12	1.856888e+14	3.540730e-06
6.006700e+02	6.714857e+02	1.729553e-06	2.091061e+12	1.837719e+14	3.510467e-06
6.016700e+02	6.722106e+02	1.719930e-06	2.073881e+12	1.826716e+14	3.490809e-06
6.026700e+02	6.729355e+02	1.710308e-06	2.056701e+12	1.815713e+14	3.471152e-06
6.036700e+02	6.736604e+02	1.700685e-06	2.039521e+12	1.804711e+14	3.451494e-06
6.046700e+02	6.743853e+02	1.691063e-06	2.022341e+12	1.793708e+14	3.431837e-06
6.056700e+02	6.751102e+02	1.681440e-06	2.005160e+12	1.782705e+14	3.412179e-06
6.066700e+02	6.758351e+02	1.671818e-06	1.987980e+12	1.771702e+14	3.392522e-06
6.076700e+02	6.765600e+02	1.662196e-06	1.970800e+12	1.760699e+14	3.372864e-06
6.086700e+02	6.772849e+02	1.652573e-06	1.953620e+12	1.749696e+14	3.353207e-06
6.096700e+02	6.780098e+02	1.642951e-06	1.936440e+12	1.738693e+14	3.333549e-06
6.106700e+02	6.787347e+02	1.633328e-06	1.919260e+12	1.727691e+14	3.313892e-06
6.116700e+02	6.794596e+02	1.623706e-06	1.902079e+12	1.716688e+14	3.294234e-06
6.126700e+02	6.801845e+02	1.614083e-06	1.884899e+12	1.705685e+14	3.274577e-06
6.136700e+02	6.809094e+02	1.604461e-06	1.867719e+12	1.694682e+14	3.254920e-06
6.146700e+02	6.816343e+02	1.594838e-06	1.850539e+12	1.683679e+14	3.235262e-06
6.156700e+02	6.823592e+02	1.585216e-06	1.833359e+12	1.672676e+14	3.215605e-06
6.166700e+02	6.830841e+02	1.575593e-06	1.816179e+12	1.661673e+14	3.195947e-06
6.176700e+02	6.838090e+02	1.565971e-06	1.798999e+12	1.650671e+14	3.176290e-06
6.186700e+02	6.845339e+02	1.556348e-06	1.781818e+12	1.639668e+14	3.156632e-06
6.196700e+02	6.852588e+02	1.546726e-06	1.764638e+12	1.628665e+14	3.136975e-06
6.206700e+02	6.859837e+02	1.537103e-06	1.747458e+12	1.617662e+14	3.117317e-06
6.216700e+02	6.867086e+02	1.527481e-06	1.730278e+12	1.606659e+14	3.097660e-06
6.226700e+02	6.874335e+02	1.517858e-06	1.713098e+12	1.595656e+14	3.078002e-06
6.236700e+02	6.881584e+02	1.508236e-06	1.695918e+12	1.584654e+14	3.058345e-06
6.246700e+02	6.888833e+02	1.498613e-06	1.678737e+12	1.573651e+14	3.038687e-06
6.256700e+02	6.896082e+02	1.488991e-06	1.661557e+12	1.562648e+14	3.019030e-06
6.266700e+02	6.903331e+02	1.479368e-06	1.644377e+12	1.551645e+14	2.999373e-06
6.276700e+02	6.910580e+02	1.469746e-06	1.627197e+12	1.540642e+14	2.979715e-06
6.286700e+02	6.917829e+02	1.460123e-06	1.610017e+12	1.529639e+14	2.960058e-06
6.296700e+02	6.925078e+02	1.450501e-06	1.592837e+12	1.518636e+14	2.940400e-06
6.306700e+02	6.932327e+02	1.440878e-06	1.575656e+12	1.507634e+14	2.920743e-06
6.316700e+02	6.939576e+02	1.431256e-06	1.558476e+12	1.496631e+14	2.901085e-06
6.326700e+02	6.946825e+02	1.421633e-06	1.541296e+12	1.485628e+14	2.881428e-06
6.336700e+02	6.954074e+02	1.412011e-06	1.524116e+12	1.474625e+14	2.861770e-06
6.346700e+02	6.961323e+02	1.402388e-06	1.506936e+12	1.463622e+14	2.842113e-06
6.356700e+02	6.968572e+02	1.392766e-06	1.489756e+12	1.452619e+14	2.822455e-06
6.366700e+02	6.975821e+02	1.383143e-06	1.472575e+12	1.441616e+14	2.802798e-06
6.376700e+02	6.983070e+02	1.373521e-06	1.455395e+12	1.430614e+14	2.783140e-06
6.386700e+02	6.990319e+02	1.363898e-06	1.438215e+12	1.419611e+14	2.763483e-06
6.396700e+02	6.997568e+02	1.354276e-06	1.421035e+12	1.408608e+14	2.743826e-06
6.406700e+02	7.004817e+02	1.344653e-06	1.403855e+12	1.397605e+14	2.724168e-06
6.416700e+02	7.012066e+02	1.335031e-06	1.386675e+12	1.386602e+14	2.704511e-06
6.426700e+02	7.019315e+02	1.325408e-06	1.369494e+12	1.375599e+14	2.684853e-06
6.436700e+02	7.026564e+02	1.315786e-06	1.352314e+12	1.364597e+14	2.665196e-06
6.446700e+02	7.033813e+02	1.306163e-06	1.335134e+12	1.353594e+14	2.645538e-06
6.456700e+02	7.041062e+02	1.296541e-06	1.317954e+12	1.342591e+14	2.625881e-06
6.466700e+02	7.048311e+02	1.286918e-06	1.300774e+12	1.331588e+14	2.606223e-06
6.476700e+02	7.055560e+02	1.277296e-06	1.283594e+12	1.320585e+14	2.586566e-06
6.486700e+02	7.062809e+02	1.267673e-06	1.266413e+12	1.309582e+14	2.566908e-06
6.496700e+02	7.070058e+02	1.258051e-06	1.249233e+12	1.298579e+14	2.547251e-06
6.506700e+02	7.077307e+02	1.248428e-06	1.232053e+12	1.287577e+14	2.527594e-06
6.516700e+02	7.084556e+02	1.238806e-06	1.214873e+12	1.276574e+14	2.507936e-06
6.526700e+02	7.091805e+02	1.229183e-06	1.197693e+12	1.265571e+14	2.488279e-06
6.536700e+02	7.099054e+02	1.219561e-06	1.180513e+12	1.254568e+14	2.468621e-06
6.546700e+02	7.106303e+02	1.209938e-06	1.163332e+12	1.243565e+14	2.448964e-06
6.556700e+02	7.113552e+02	1.200316e-06	1.146152e+12	1.232562e+14	2.429306e-06
6.566700e+02	7.120801e+02	1.190693e-06	1.128972e+12	1.221559e+14	2.409649e-06
6.576700e+02	7.128050e+02	1.181071e-06	1.111792e+12	1.210557e+14	2.389991e-06
6.586700e+02	7.135299e+02	1.171449e-06	1.094612e+12	1.199554e+14	2.370334e-06
6.596700e+02	7.142548e+02	1.161826e-06	1.077432e+12	1.188551e+14	2.350676e-06
6.606700e+02	7.149797e+02	1.152204e-06	1.060251e+12	1.177548e+14	2.331019e-06
6.616700e+02	7.157046e+02	1.142581e-06	1.043071e+12	1.166545e+14	2.311361e-06
6.626700e+02	7.164295e+02	1.132959e-06	1.025891e+12	1.155542e+14	2.291704e-06
6.636700e+02	7.171544e+02	1.123336e-06	1.008711e+12	1.144540e+14	2.272047e-06
6.646700e+02	7.178793e+02	1.113714e-06	9.915308e+11	1.133537e+14	2.252389e-06
6.656700e+02	7.186042e+02	1.104091e-06	9.743507e+11	1.122534e+14	2.232732e-06
6.666700e+02	7.193291e+02	1.094469e-06	9.571705e+11	1.111531e+14	2.213074e-06
6.676700e+02	7.200540e+02	1.084846e-06	9.399903e+11	1.100528e+14	2.193417e-06
6.686700e+02	7.207789e+02	1.075224e-06	9.228102e+11	1.089525e+14	2.173759e-06
6.696700e+02	7.215038e+02	1.065601e-06	9.056300e+11	1.078522e+14	2.154102e-06
6.706700e+02	7.222287e+02	1.055979e-06	8.884498e+11	1.067520e+14	2.134444e-06
6.716700e+02	7.229536e+02	1.046356e-06	8.712697e+11	1.056517e+14	2.114787e-06
6.726700e+02	7.236785e+02	1.036734e-06	8.540895e+11	1.045514e+14	2.095129e-06
6.736700e+02	7.244034e+02	1.027111e-06	8.369093e+11	1.034511e+14	2.075472e-06
6.746700e+02	7.251283e+02	1.017489e-06	8.197292e+11	1.023508e+14	2.055814e-06
6.756700e+02	7.258532e+02	1.007866e-06	8.025490e+11	1.012505e+14	2.036157e-06
6.766700e+02	7.265781e+02	9.982437e-07	7.853689e+11	1.001502e+14	2.016500e-06
6.776700e+02	7.273030e+02	9.886212e-07	7.681887e+11	9.904996e+13	1.996842e-06
6.786700e+02	7.280279e+02	9.789987e-07	7.510085e+11	9.794968e+13	1.977185e-06
6.796700e+02	7.287528e+02	9.693762e-07	7.338284e+11	9.684939e+13	1.957527e-06
6.806700e+02	7.294777e+02	9.597537e-07	7.166482e+11	9.574911e+13	1.937870e-06
6.816700e+02	7.302026e+02	9.501312e-07	6.994680e+11	9.464882e+13	1.918212e-06
6.826700e+02	7.309274e+02	9.405088e-07	6.822879e+11	9.354854e+13	1.898555e-06
6.836700e+02	7.316523e+02	9.308863e-07	6.651077e+11	9.244825e+13	1.878897e-06
6.846700e+02	7.323772e+02	9.212638e-07	6.479275e+11	9.134797e+13	1.859240e-06
6.856700e+02	7.331021e+02	9.116413e-07	6.307474e+11	9.024768e+13	1.839582e-06
6.866700e+02	7.338270e+02	9.020188e-07	6.135672e+11	8.914740e+13	1.819925e-06
6.876700e+02	7.345519e+02	8.923963e-07	5.963871e+11	8.804711e+13	1.800267e-06
6.886700e+02	7.352768e+02	8.827738e-07	5.792069e+11	8.694683e+13	1.780610e-06
6.896700e+02	7.360017e+02	8.731513e-07	5.620267e+11	8.584654e+13	1.760953e-06
6.906700e+02	7.367266e+02	8.635288e-07	5.448466e+11	8.474626e+13	1.741295e-06
6.916700e+02	7.374515e+02	8.539063e-07	5.276664e+11	8.364597e+13	1.721638e-06
6.926700e+02	7.381764e+02	8.442839e-07	5.104862e+11	8.254569e+13	1.701980e-06
6.936700e+02	7.389013e+02	8.346614e-07	4.933061e+11	8.144540e+13	1.682323e-06
6.946700e+02	7.396262e+02	8.250389e-07	4.761259e+11	8.034512e+13	1.662665e-06
6.956700e+02	7.403511e+02	8.154164e-07	4.589457e+11	7.924483e+13	1.643008e-06
6.966700e+02	7.410760e+02	8.057939e-07	4.417656e+11	7.814455e+13	1.623350e-06
6.976700e+02	7.418009e+02	7.961714e-07	4.245854e+11	7.704426e+13	1.603693e-06
6.986700e+02	7.425258e+02	7.865489e-07	4.074053e+11	7.594398e+13	1.584035e-06
6.996700e+02	7.432925e+02	7.773319e-07	3.912132e+11	7.489080e+13	1.565211e-06
7.006700e+02	7.446137e+02	7.735021e-07	3.881487e+11	7.446358e+13	1.557460e-06
7.016700e+02	7.459348e+02	7.696723e-07	3.850841e+11	7.403636e+13	1.549708e-06
7.026700e+02	7.472560e+02	7.658426e-07	3.820196e+11	7.360914e+13	1.541956e-06
7.036700e+02	7.485772e+02	7.620128e-07	3.789551e+11	7.318192e+13	1.534204e-06
7.046700e+02	7.498984e+02	7.581830e-07	3.758905e+11	7.275470e+13	1.526453e-06
7.056700e+02	7.512195e+02	7.543532e-07	3.728260e+11	7.232748e+13	1.518701e-06
7.066700e+02	7.525407e+02	7.505234e-07	3.697615e+11	7.190026e+13	1.510949e-06
7.076700e+02	7.538619e+02	7.466936e-07	3.666969e+11	7.147304e+13	1.503197e-06
7.086700e+02	7.551831e+02	7.428638e-07	3.636324e+11	7.104581e+13	1.495446e-06
7.096700e+02	7.565042e+02	7.390340e-07	3.605679e+11	7.061859e+13	1.487694e-06
7.106700e+02	7.578254e+02	7.352043e-07	3.575034e+11	7.019137e+13	1.479942e-06
7.116700e+02	7.591466e+02	7.313745e-07	3.544388e+11	6.976415e+13	1.472190e-06
7.126700e+02	7.604678e+02	7.275447e-07	3.513743e+11	6.933693e+13	1.464439e-06
7.136700e+02	7.617889e+02	7.237149e-07	3.483098e+11	6.890971e+13	1.456687e-06
7.146700e+02	7.631101e+02	7.198851e-07	3.452452e+11	6.848249e+13	1.448935e-06
7.156700e+02	7.644313e+02	7.160553e-07	3.421807e+11	6.805527e+13	1.441183e-06
7.166700e+02	7.657525e+02	7.122255e-07	3.391162e+11	6.762805e+13	1.433432e-06
7.176700e+02	7.670736e+02	7.083957e-07	3.360516e+11	6.720083e+13	1.425680e-06
7.186700e+02	7.683948e+02	7.045660e-07	3.329871e+11	6.677360e+13	1.417928e-06
7.196700e+02	7.697160e+02	7.007362e-07	3.299226e+11	6.634638e+13	1.410177e-06
7.206700e+02	7.710372e+02	6.969064e-07	3.268581e+11	6.591916e+13	1.402425e-06
7.216700e+02	7.723583e+02	6.930766e-07	3.237935e+11	6.549194e+13	1.394673e-06
7.226700e+02	7.736795e+02	6.892468e-07	3.207290e+11	6.506472e+13	1.386921e-06
7.236700e+02	7.750007e+02	6.854170e-07	3.176645e+11	6.463750e+13	1.379170e-06
7.246700e+02	7.763219e+02	6.815872e-07	3.145999e+11	6.421028e+13	1.371418e-06
7.256700e+02	7.776430e+02	6.777574e-07	3.115354e+11	6.378306e+13	1.363666e-06
7.266700e+02	7.789642e+02	6.739277e-07	3.084709e+11	6.335584e+13	1.355914e-06
7.276700e+02	7.802854e+02	6.700979e-07	3.054063e+11	6.292861e+13	1.348163e-06
7.286700e+02	7.816066e+02	6.662681e-07	3.023418e+11	6.250139e+13	1.340411e-06
7.296700e+02	7.829277e+02	6.624383e-07	2.992773e+11	6.207417e+13	1.332659e-06
7.306700e+02	7.842489e+02	6.586085e-07	2.962128e+11	6.164695e+13	1.324907e-06
7.316700e+02	7.855701e+02	6.547787e-07	2.931482e+11	6.121973e+13	1.317156e-06
7.326700e+02	7.868913e+02	6.509489e-07	2.900837e+11	6.079251e+13	1.309404e-06
7.336700e+02	7.882124e+02	6.471191e-07	2.870192e+11	6.036529e+13	1.301652e-06
7.346700e+02	7.895336e+02	6.432894e-07	2.839546e+11	5.993807e+13	1.293900e-06
7.356700e+02	7.908548e+02	6.394596e-07	2.808901e+11	5.951085e+13	1.286149e-06
7.366700e+02	7.921760e+02	6.356298e-07	2.778256e+11	5.908362e+13	1.278397e-06
7.376700e+02	7.934971e+02	6.318000e-07	2.747610e+11	5.865640e+13	1.270645e-06
7.386700e+02	7.948183e+02	6.279702e-07	2.716965e+11	5.822918e+13	1.262893e-06
7.396700e+02	7.961395e+02	6.241404e-07	2.686320e+11	5.780196e+13	1.255142e-06
7.406700e+02	7.974607e+02	6.203106e-07	2.655675e+11	5.737474e+13	1.247390e-06
7.416700e+02	7.987818e+02	6.164809e-07	2.625029e+11	5.694752e+13	1.239638e-06
7.426700e+02	8.001030e+02	6.126511e-07	2.594384e+11	5.652030e+13	1.231886e-06
7.436700e+02	8.014242e+02	6.088213e-07	2.563739e+11	5.609308e+13	1.224135e-06
7.446700e+02	8.027454e+02	6.049915e-07	2.533093e+11	5.566586e+13	1.216383e-06
7.456700e+02	8.040665e+02	6.011617e-07	2.502448e+11	5.523864e+13	1.208631e-06
7.466700e+02	8.053877e+02	5.973319e-07	2.471803e+11	5.481141e+13	1.200879e-06
7.476700e+02	8.067089e+02	5.935021e-07	2.441157e+11	5.438419e+13	1.193128e-06
7.486700e+02	8.080301e+02	5.896723e-07	2.410512e+11	5.395697e+13	1.185376e-06
7.496700e+02	8.093512e+02	5.858426e-07	2.379867e+11	5.352975e+13	1.177624e-06
7.506700e+02	8.106724e+02	5.820128e-07	2.349222e+11	5.310253e+13	1.169872e-06
7.516700e+02	8.119936e+02	5.781830e-07	2.318576e+11	5.267531e+13	1.162121e-06
7.526700e+02	8.133148e+02	5.743532e-07	2.287931e+11	5.224809e+13	1.154369e-06
7.536700e+02	8.146359e+02	5.705234e-07	2.257286e+11	5.182087e+13	1.146617e-06
7.546700e+02	8.159571e+02	5.666936e-07	2.226640e+11	5.139365e+13	1.138865e-06
7.556700e+02	8.172783e+02	5.628638e-07	2.195995e+11	5.096642e+13	1.131114e-06
7.566700e+02	8.185995e+02	5.590340e-07	2.165350e+11	5.053920e+13	1.123362e-06
7.576700e+02	8.199206e+02	5.552043e-07	2.134704e+11	5.011198e+13	1.115610e-06
7.586700e+02	8.212418e+02	5.513745e-07	2.104059e+11	4.968476e+13	1.107859e-06
7.596700e+02	8.225630e+02	5.475447e-07	2.073414e+11	4.925754e+13	1.100107e-06
7.606700e+02	8.238842e+02	5.437149e-07	2.042769e+11	4.883032e+13	1.092355e-06
7.616700e+02	8.252053e+02	5.398851e-07	2.012123e+11	4.840310e+13	1.084603e-06
7.626700e+02	8.265265e+02	5.360553e-07	1.981478e+11	4.797588e+13	1.076852e-06
7.636700e+02	8.278477e+02	5.322255e-07	1.950833e+11	4.754866e+13	1.069100e-06
7.646700e+02	8.291689e+02	5.283957e-07	1.920187e+11	4.712143e+13	1.061348e-06
7.656700e+02	8.304901e+02	5.245660e-07	1.889542e+11	4.669421e+13	1.053596e-06
7.666700e+02	8.318112e+02	5.207362e-07	1.858897e+11	4.626699e+13	1.045845e-06
7.676700e+02	8.331324e+02	5.169064e-07	1.828251e+11	4.583977e+13	1.038093e-06
7.686700e+02	8.344536e+02	5.130766e-07	1.797606e+11	4.541255e+13	1.030341e-06
7.696700e+02	8.357748e+02	5.092468e-07	1.766961e+11	4.498533e+13	1.022589e-06
7.706700e+02	8.370959e+02	5.054170e-07	1.736316e+11	4.455811e+13	1.014838e-06
7.716700e+02	8.384171e+02	5.015872e-07	1.705670e+11	4.413089e+13	1.007086e-06
7.726700e+02	8.397383e+02	4.977574e-07	1.675025e+11	4.370367e+13	9.993341e-07
7.736700e+02	8.410595e+02	4.939277e-07	1.644380e+11	4.327645e+13	9.915823e-07
7.746700e+02	8.423806e+02	4.900979e-07	1.613734e+11	4.284922e+13	9.838306e-07
7.756700e+02	8.437018e+02	4.862681e-07	1.583089e+11	4.242200e+13	9.760789e-07
7.766700e+02	8.450230e+02	4.824383e-07	1.552444e+11	4.199478e+13	9.683271e-07
7.776700e+02	8.463442e+02	4.786085e-07	1.521798e+11	4.156756e+13	9.605754e-07
7.786700e+02	8.476653e+02	4.747787e-07	1.491153e+11	4.114034e+13	9.528236e-07
7.796700e+02	8.489865e+02	4.709489e-07	1.460508e+11	4.071312e+13	9.450719e-07
7.806700e+02	8.503077e+02	4.671191e-07	1.429863e+11	4.028590e+13	9.373201e-07
7.816700e+02	8.516289e+02	4.632894e-07	1.399217e+11	3.985868e+13	9.295684e-07
7.826700e+02	8.529500e+02	4.594596e-07	1.368572e+11	3.943146e+13	9.218167e-07
7.836700e+02	8.542712e+02	4.556298e-07	1.337927e+11	3.900423e+13	9.140649e-07
7.846700e+02	8.555924e+02	4.518000e-07	1.307281e+11	3.857701e+13	9.063132e-07
7.856700e+02	8.569136e+02	4.479702e-07	1.276636e+11	3.814979e+13	8.985614e-07
7.866700e+02	8.582347e+02	4.441404e-07	1.245991e+11	3.772257e+13	8.908097e-07
7.876700e+02	8.595559e+02	4.403106e-07	1.215345e+11	3.729535e+13	8.830579e-07
7.886700e+02	8.608771e+02	4.364809e-07	1.184700e+11	3.686813e+13	8.753062e-07
7.896700e+02	8.621983e+02	4.326511e-07	1.154055e+11	3.644091e+13	8.675544e-07
7.906700e+02	8.635194e+02	4.288213e-07	1.123410e+11	3.601369e+13	8.598027e-07
7.916700e+02	8.648406e+02	4.249915e-07	1.092764e+11	3.558647e+13	8.520510e-07
7.926700e+02	8.661618e+02	4.211617e-07	1.062119e+11	3.515924e+13	8.442992e-07
7.936700e+02	8.674830e+02	4.173319e-07	1.031474e+11	3.473202e+13	8.365475e-07
7.946700e+02	8.688041e+02	4.135021e-07	1.000828e+11	3.430480e+13	8.287957e-07
7.956700e+02	8.701253e+02	4.096723e-07	9.701830e+10	3.387758e+13	8.210440e-07
7.966700e+02	8.714465e+02	4.058426e-07	9.395377e+10	3.345036e+13	8.132922e-07
7.976700e+02	8.727677e+02	4.020128e-07	9.088924e+10	3.302314e+13	8.055405e-07
7.986700e+02	8.735635e+02	3.989179e-07	8.872813e+10	3.269868e+13	7.992832e-07
7.996700e+02	8.734647e+02	3.970743e-07	8.810526e+10	3.254920e+13	7.955706e-07
8.006700e+02	8.733660e+02	3.952307e-07	8.748239e+10	3.239972e+13	7.918580e-07
8.016700e+02	8.732673e+02	3.933871e-07	8.685952e+10	3.225023e+13	7.881454e-07
8.026700e+02	8.731686e+02	3.915435e-07	8.623664e+10	3.210075e+13	7.844327e-07
8.036700e+02	8.730698e+02	3.896999e-07	8.561377e+10	3.195127e+13	7.807201e-07
8.046700e+02	8.729711e+02	3.878563e-07	8.499090e+10	3.180179e+13	7.770075e-07
8.056700e+02	8.728724e+02	3.860127e-07	8.436803e+10	3.165230e+13	7.732948e-07
8.066700e+02	8.727736e+02	3.841691e-07	8.374516e+10	3.150282e+13	7.695822e-07
8.076700e+02	8.726749e+02	3.823255e-07	8.312229e+10	3.135334e+13	7.658696e-07
8.086700e+02	8.725762e+02	3.804819e-07	8.249942e+10	3.120386e+13	7.621570e-07
8.096700e+02	8.724774e+02	3.786383e-07	8.187655e+10	3.105437e+13	7.584443e-07
8.106700e+02	8.723787e+02	3.767947e-07	8.125368e+10	3.090489e+13	7.547317e-07
8.116700e+02	8.722800e+02	3.749511e-07	8.063081e+10	3.075541e+13	7.510191e-07
8.126700e+02	8.721813e+02	3.731075e-07	8.000794e+10	3.060593e+13	7.473065e-07
8.136700e+02	8.720825e+02	3.712639e-07	7.938506e+10	3.045644e+13	7.435938e-07
8.146700e+02	8.719838e+02	3.694203e-07	7.876219e+10	3.030696e+13	7.398812e-07
8.156700e+02	8.718851e+02	3.675767e-07	7.813932e+10	3.015748e+13	7.361686e-07
8.166700e+02	8.717863e+02	3.657331e-07	7.751645e+10	3.000799e+13	7.324560e-07
8.176700e+02	8.716876e+02	3.638895e-07	7.689358e+10	2.985851e+13	7.287433e-07
8.186700e+02	8.715889e+02	3.620459e-07	7.627071e+10	2.970903e+13	7.250307e-07
8.196700e+02	8.714902e+02	3.602023e-07	7.564784e+10	2.955955e+13	7.213181e-07
8.206700e+02	8.713914e+02	3.583587e-07	7.502497e+10	2.941006e+13	7.176055e-07
8.216700e+02	8.712927e+02	3.565151e-07	7.440210e+10	2.926058e+13	7.138928e-07
8.226700e+02	8.711940e+02	3.546715e-07	7.377923e+10	2.911110e+13	7.101802e-07
8.236700e+02	8.710952e+02	3.528279e-07	7.315636e+10	2.896162e+13	7.064676e-07
8.246700e+02	8.709965e+02	3.509843e-07	7.253349e+10	2.881213e+13	7.027550e-07
8.256700e+02	8.708978e+02	3.491407e-07	7.191061e+10	2.866265e+13	6.990423e-07
8.266700e+02	8.707991e+02	3.472971e-07	7.128774e+10	2.851317e+13	6.953297e-07
8.276700e+02	8.707003e+02	3.454535e-07	7.066487e+10	2.836369e+13	6.916171e-07
8.286700e+02	8.706016e+02	3.436100e-07	7.004200e+10	2.821420e+13	6.879045e-07
8.296700e+02	8.705029e+02	3.417664e-07	6.941913e+10	2.806472e+13	6.841918e-07
8.306700e+02	8.704041e+02	3.399228e-07	6.879626e+10	2.791524e+13	6.804792e-07
8.316700e+02	8.703054e+02	3.380792e-07	6.817339e+10	2.776576e+13	6.767666e-07
8.326700e+02	8.702067e+02	3.362356e-07	6.755052e+10	2.761627e+13	6.730540e-07
8.336700e+02	8.701079e+02	3.343920e-07	6.692765e+10	2.746679e+13	6.693413e-07
8.346700e+02	8.700092e+02	3.325484e-07	6.630478e+10	2.731731e+13	6.656287e-07
8.356700e+02	8.699105e+02	3.307048e-07	6.568191e+10	2.716783e+13	6.619161e-07
8.366700e+02	8.698118e+02	3.288612e-07	6.505903e+10	2.701834e+13	6.582035e-07
8.376700e+02	8.697130e+02	3.270176e-07	6.443616e+10	2.686886e+13	6.544908e-07
8.386700e+02	8.696143e+02	3.251740e-07	6.381329e+10	2.671938e+13	6.507782e-07
8.396700e+02	8.695156e+02	3.233304e-07	6.319042e+10	2.656989e+13	6.470656e-07
8.406700e+02	8.694168e+02	3.214868e-07	6.256755e+10	2.642041e+13	6.433530e-07
8.416700e+02	8.693181e+02	3.196432e-07	6.194468e+10	2.627093e+13	6.396403e-07
8.426700e+02	8.692194e+02	3.177996e-07	6.132181e+10	2.612145e+13	6.359277e-07
8.436700e+02	8.691207e+02	3.159560e-07	6.069894e+10	2.597196e+13	6.322151e-07
8.446700e+02	8.690219e+02	3.141124e-07	6.007607e+10	2.582248e+13	6.285025e-07
8.456700e+02	8.689232e+02	3.122688e-07	5.945320e+10	2.567300e+13	6.247898e-07
8.466700e+02	8.688245e+02	3.104252e-07	5.883033e+10	2.552352e+13	6.210772e-07
8.476700e+02	8.687257e+02	3.085816e-07	5.820746e+10	2.537403e+13	6.173646e-07
8.486700e+02	8.686270e+02	3.067380e-07	5.758458e+10	2.522455e+13	6.136519e-07
8.496700e+02	8.685283e+02	3.048944e-07	5.696171e+10	2.507507e+13	6.099393e-07
8.506700e+02	8.684296e+02	3.030508e-07	5.633884e+10	2.492559e+13	6.062267e-07
8.516700e+02	8.683308e+02	3.012072e-07	5.571597e+10	2.477610e+13	6.025141e-07
8.526700e+02	8.682321e+02	2.993636e-07	5.509310e+10	2.462662e+13	5.988014e-07
8.536700e+02	8.681334e+02	2.975200e-07	5.447023e+10	2.447714e+13	5.950888e-07
8.546700e+02	8.680346e+02	2.956764e-07	5.384736e+10	2.432766e+13	5.913762e-07
8.556700e+02	8.679359e+02	2.938328e-07	5.322449e+10	2.417817e+13	5.876636e-07
8.566700e+02	8.678372e+02	2.919892e-07	5.260162e+10	2.402869e+13	5.839509e-07
8.576700e+02	8.677384e+02	2.901456e-07	5.197875e+10	2.387921e+13	5.802383e-07
8.586700e+02	8.676397e+02	2.883020e-07	5.135588e+10	2.372973e+13	5.765257e-07
8.596700e+02	8.675410e+02	2.864584e-07	5.073300e+10	2.358024e+13	5.728131e-07
8.606700e+02	8.674423e+02	2.846148e-07	5.011013e+10	2.343076e+13	5.691004e-07
8.616700e+02	8.673435e+02	2.827712e-07	4.948726e+10	2.328128e+13	5.653878e-07
8.626700e+02	8.672448e+02	2.809276e-07	4.886439e+10	2.313180e+13	5.616752e-07
8.636700e+02	8.671461e+02	2.790840e-07	4.824152e+10	2.298231e+13	5.579626e-07
8.646700e+02	8.670473e+02	2.772404e-07	4.761865e+10	2.283283e+13	5.542499e-07
8.656700e+02	8.669486e+02	2.753969e-07	4.699578e+10	2.268335e+13	5.505373e-07
8.666700e+02	8.668499e+02	2.735533e-07	4.637291e+10	2.253386e+13	5.468247e-07
8.676700e+02	8.667512e+02	2.717097e-07	4.575004e+10	2.238438e+13	5.431121e-07
8.686700e+02	8.666524e+02	2.698661e-07	4.512717e+10	2.223490e+13	5.393994e-07
8.696700e+02	8.665537e+02	2.680225e-07	4.450430e+10	2.208542e+13	5.356868e-07
8.706700e+02	8.664550e+02	2.661789e-07	4.388143e+10	2.193593e+13	5.319742e-07
8.716700e+02	8.663562e+02	2.643353e-07	4.325855e+10	2.178645e+13	5.282616e-07
8.726700e+02	8.662575e+02	2.624917e-07	4.263568e+10	2.163697e+13	5.245489e-07
8.736700e+02	8.661588e+02	2.606481e-07	4.201281e+10	2.148749e+13	5.208363e-07
8.746700e+02	8.660600e+02	2.588045e-07	4.138994e+10	2.133800e+13	5.171237e-07
8.756700e+02	8.659613e+02	2.569609e-07	4.076707e+10	2.118852e+13	5.134111e-07
8.766700e+02	8.658626e+02	2.551173e-07	4.014420e+10	2.103904e+13	5.096984e-07
8.776700e+02	8.657639e+02	2.532737e-07	3.952133e+10	2.088956e+13	5.059858e-07
8.786700e+02	8.656651e+02	2.514301e-07	3.889846e+10	2.074007e+13	5.022732e-07
8.796700e+02	8.655664e+02	2.495865e-07	3.827559e+10	2.059059e+13	4.985606e-07
8.806700e+02	8.654677e+02	2.477429e-07	3.765272e+10	2.044111e+13	4.948479e-07
8.816700e+02	8.653689e+02	2.458993e-07	3.702985e+10	2.029163e+13	4.911353e-07
8.826700e+02	8.652702e+02	2.440557e-07	3.640697e+10	2.014214e+13	4.874227e-07
8.836700e+02	8.651715e+02	2.422121e-07	3.578410e+10	1.999266e+13	4.837101e-07
8.846700e+02	8.650728e+02	2.403685e-07	3.516123e+10	1.984318e+13	4.799974e-07
8.856700e+02	8.649740e+02	2.385249e-07	3.453836e+10	1.969370e+13	4.762848e-07
8.866700e+02	8.648753e+02	2.366813e-07	3.391549e+10	1.954421e+13	4.725722e-07
8.876700e+02	8.647766e+02	2.348377e-07	3.329262e+10	1.939473e+13	4.688595e-07
8.886700e+02	8.646778e+02	2.329941e-07	3.266975e+10	1.924525e+13	4.651469e-07
8.896700e+02	8.645791e+02	2.311505e-07	3.204688e+10	1.909576e+13	4.614343e-07
8.906700e+02	8.644804e+02	2.293069e-07	3.142401e+10	1.894628e+13	4.577217e-07
8.916700e+02	8.643817e+02	2.274633e-07	3.080114e+10	1.879680e+13	4.540090e-07
8.926700e+02	8.642829e+02	2.256197e-07	3.017827e+10	1.864732e+13	4.502964e-07
8.936700e+02	8.641842e+02	2.237761e-07	2.955540e+10	1.849783e+13	4.465838e-07
8.946700e+02	8.640855e+02	2.219325e-07	2.893252e+10	1.834835e+13	4.428712e-07
8.956700e+02	8.639867e+02	2.200889e-07	2.830965e+10	1.819887e+13	4.391585e-07
8.966700e+02	8.638880e+02	2.182453e-07	2.768678e+10	1.804939e+13	4.354459e-07
8.976700e+02	8.637893e+02	2.164017e-07	2.706391e+10	1.789990e+13	4.317333e-07
8.986700e+02	8.636905e+02	2.145581e-07	2.644104e+10	1.775042e+13	4.280207e-07
8.996700e+02	8.635918e+02	2.127145e-07	2.581817e+10	1.760094e+13	4.243080e-07
9.006700e+02	8.635116e+02	2.109308e-07	2.522615e+10	1.745604e+13	4.207164e-07
9.016700e+02	8.636769e+02	2.099417e-07	2.504404e+10	1.737211e+13	4.187322e-07
9.026700e+02	8.638423e+02	2.089527e-07	2.486192e+10	1.728817e+13	4.167480e-07
9.036700e+02	8.640076e+02	2.079636e-07	2.467980e+10	1.720424e+13	4.147637e-07
9.046700e+02	8.641729e+02	2.069746e-07	2.449769e+10	1.712030e+13	4.127795e-07
9.056700e+02	8.643383e+02	2.059855e-07	2.431557e+10	1.703637e+13	4.107953e-07
9.066700e+02	8.645036e+02	2.049965e-07	2.413345e+10	1.695243e+13	4.088110e-07
9.076700e+02	8.646689e+02	2.040075e-07	2.395134e+10	1.686849e+13	4.068268e-07
9.086700e+02	8.648343e+02	2.030184e-07	2.376922e+10	1.678456e+13	4.048426e-07
9.096700e+02	8.649996e+02	2.020294e-07	2.358710e+10	1.670062e+13	4.028584e-07
9.106700e+02	8.651650e+02	2.010403e-07	2.340499e+10	1.661669e+13	4.008741e-07
9.116700e+02	8.653303e+02	2.000513e-07	2.322287e+10	1.653275e+13	3.988899e-07
9.126700e+02	8.654956e+02	1.990622e-07	2.304076e+10	1.644882e+13	3.969057e-07
9.136700e+02	8.656610e+02	1.980732e-07	2.285864e+10	1.636488e+13	3.949215e-07
9.146700e+02	8.658263e+02	1.970842e-07	2.267652e+10	1.628094e+13	3.929372e-07
9.156700e+02	8.659917e+02	1.960951e-07	2.249441e+10	1.619701e+13	3.909530e-07
9.166700e+02	8.661570e+02	1.951061e-07	2.231229e+10	1.611307e+13	3.889688e-07
9.176700e+02	8.663223e+02	1.941170e-07	2.213017e+10	1.602914e+13	3.869846e-07
9.186700e+02	8.664877e+02	1.931280e-07	2.194806e+10	1.594520e+13	3.850003e-07
9.196700e+02	8.666530e+02	1.921389e-07	2.176594e+10	1.586126e+13	3.830161e-07
9.206700e+02	8.668183e+02	1.911499e-07	2.158382e+10	1.577733e+13	3.810319e-07
9.216700e+02	8.669837e+02	1.901608e-07	2.140171e+10	1.569339e+13	3.790477e-07
9.226700e+02	8.671490e+02	1.891718e-07	2.121959e+10	1.560946e+13	3.770634e-07
9.236700e+02	8.673144e+02	1.881828e-07	2.103748e+10	1.552552e+13	3.750792e-07
9.246700e+02	8.674797e+02	1.871937e-07	2.085536e+10	1.544159e+13	3.730950e-07
9.256700e+02	8.676450e+02	1.862047e-07	2.067324e+10	1.535765e+13	3.711108e-07
9.266700e+02	8.678104e+02	1.852156e-07	2.049113e+10	1.527371e+13	3.691265e-07
9.276700e+02	8.679757e+02	1.842266e-07	2.030901e+10	1.518978e+13	3.671423e-07
9.286700e+02	8.681411e+02	1.832375e-07	2.012689e+10	1.510584e+13	3.651581e-07
9.296700e+02	8.683064e+02	1.822485e-07	1.994478e+10	1.502191e+13	3.631738e-07
9.306700e+02	8.684717e+02	1.812595e-07	1.976266e+10	1.493797e+13	3.611896e-07
9.316700e+02	8.686371e+02	1.802704e-07	1.958054e+10	1.485404e+13	3.592054e-07
9.326700e+02	8.688024e+02	1.792814e-07	1.939843e+10	1.477010e+13	3.572212e-07
9.336700e+02	8.689677e+02	1.782923e-07	1.921631e+10	1.468616e+13	3.552369e-07
9.346700e+02	8.691331e+02	1.773033e-07	1.903420e+10	1.460223e+13	3.532527e-07
9.356700e+02	8.692984e+02	1.763142e-07	1.885208e+10	1.451829e+13	3.512685e-07
9.366700e+02	8.694638e+02	1.753252e-07	1.866996e+10	1.443436e+13	3.492843e-07
9.376700e+02	8.696291e+02	1.743361e-07	1.848785e+10	1.435042e+13	3.473000e-07
9.386700e+02	8.697944e+02	1.733471e-07	1.830573e+10	1.426649e+13	3.453158e-07
9.396700e+02	8.699598e+02	1.723581e-07	1.812361e+10	1.418255e+13	3.433316e-07
9.406700e+02	8.701251e+02	1.713690e-07	1.794150e+10	1.409861e+13	3.413474e-07
9.416700e+02	8.702905e+02	1.703800e-07	1.775938e+10	1.401468e+13	3.393631e-07
9.426700e+02	8.704558e+02	1.693909e-07	1.757726e+10	1.393074e+13	3.373789e-07
9.436700e+02	8.706211e+02	1.684019e-07	1.739515e+10	1.384681e+13	3.353947e-07
9.446700e+02	8.707865e+02	1.674128e-07	1.721303e+10	1.376287e+13	3.334105e-07
9.456700e+02	8.709518e+02	1.664238e-07	1.703092e+10	1.367893e+13	3.314262e-07
9.466700e+02	8.711172e+02	1.654348e-07	1.684880e+10	1.359500e+13	3.294420e-07
9.476700e+02	8.712825e+02	1.644457e-07	1.666668e+10	1.351106e+13	3.274578e-07
9.486700e+02	8.714478e+02	1.634567e-07	1.648457e+10	1.342713e+13	3.254736e-07
9.496700e+02	8.716132e+02	1.624676e-07	1.630245e+10	1.334319e+13	3.234893e-07
9.506700e+02	8.717785e+02	1.614786e-07	1.612033e+10	1.325926e+13	3.215051e-07
9.516700e+02	8.719438e+02	1.604895e-07	1.593822e+10	1.317532e+13	3.195209e-07
9.526700e+02	8.721092e+02	1.595005e-07	1.575610e+10	1.309138e+13	3.175366e-07
9.536700e+02	8.722745e+02	1.585114e-07	1.557399e+10	1.300745e+13	3.155524e-07
9.546700e+02	8.724399e+02	1.575224e-07	1.539187e+10	1.292351e+13	3.135682e-07
9.556700e+02	8.726052e+02	1.565334e-07	1.520975e+10	1.283958e+13	3.115840e-07
9.566700e+02	8.727705e+02	1.555443e-07	1.502764e+10	1.275564e+13	3.095997e-07
9.576700e+02	8.729359e+02	1.545553e-07	1.484552e+10	1.267171e+13	3.076155e-07
9.586700e+02	8.731012e+02	1.535662e-07	1.466340e+10	1.258777e+13	3.056313e-07
9.596700e+02	8.732666e+02	1.525772e-07	1.448129e+10	1.250383e+13	3.036471e-07
9.606700e+02	8.734319e+02	1.515881e-07	1.429917e+10	1.241990e+13	3.016628e-07
9.616700e+02	8.735972e+02	1.505991e-07	1.411705e+10	1.233596e+13	2.996786e-07
9.626700e+02	8.737626e+02	1.496100e-07	1.393494e+10	1.225203e+13	2.976944e-07
9.636700e+02	8.739279e+02	1.486210e-07	1.375282e+10	1.216809e+13	2.957102e-07
9.646700e+02	8.740932e+02	1.476320e-07	1.357071e+10	1.208416e+13	2.937259e-07
9.656700e+02	8.742586e+02	1.466429e-07	1.338859e+10	1.200022e+13	2.917417e-07
9.666700e+02	8.744239e+02	1.456539e-07	1.320647e+10	1.191628e+13	2.897575e-07
9.676700e+02	8.745893e+02	1.446648e-07	1.302436e+10	1.183235e+13	2.877733e-07
9.686700e+02	8.747546e+02	1.436758e-07	1.284224e+10	1.174841e+13	2.857890e-07
9.696700e+02	8.749199e+02	1.426867e-07	1.266012e+10	1.166448e+13	2.838048e-07
9.706700e+02	8.750853e+02	1.416977e-07	1.247801e+10	1.158054e+13	2.818206e-07
9.716700e+02	8.752506e+02	1.407087e-07	1.229589e+10	1.149661e+13	2.798364e-07
9.726700e+02	8.754160e+02	1.397196e-07	1.211377e+10	1.141267e+13	2.778521e-07
9.736700e+02	8.755813e+02	1.387306e-07	1.193166e+10	1.132873e+13	2.758679e-07
9.746700e+02	8.757466e+02	1.377415e-07	1.174954e+10	1.124480e+13	2.738837e-07
9.756700e+02	8.759120e+02	1.367525e-07	1.156743e+10	1.116086e+13	2.718994e-07
9.766700e+02	8.760773e+02	1.357634e-07	1.138531e+10	1.107693e+13	2.699152e-07
9.776700e+02	8.762426e+02	1.347744e-07	1.120319e+10	1.099299e+13	2.679310e-07
9.786700e+02	8.764080e+02	1.337853e-07	1.102108e+10	1.090905e+13	2.659468e-07
9.796700e+02	8.765733e+02	1.327963e-07	1.083896e+10	1.082512e+13	2.639625e-07
9.806700e+02	8.767387e+02	1.318073e-07	1.065684e+10	1.074118e+13	2.619783e-07
9.816700e+02	8.769040e+02	1.308182e-07	1.047473e+10	1.065725e+13	2.599941e-07
9.826700e+02	8.770693e+02	1.298292e-07	1.029261e+10	1.057331e+13	2.580099e-07
9.836700e+02	8.772347e+02	1.288401e-07	1.011049e+10	1.048938e+13	2.560256e-07
9.846700e+02	8.774000e+02	1.278511e-07	9.928378e+09	1.040544e+13	2.540414e-07
9.856700e+02	8.775654e+02	1.268620e-07	9.746262e+09	1.032150e+13	2.520572e-07
9.866700e+02	8.777307e+02	1.258730e-07	9.564145e+09	1.023757e+13	2.500730e-07
9.876700e+02	8.778960e+02	1.248840e-07	9.382029e+09	1.015363e+13	2.480887e-07
9.886700e+02	8.780614e+02	1.238949e-07	9.199913e+09	1.006970e+13	2.461045e-07
9.896700e+02	8.782267e+02	1.229059e-07	9.017796e+09	9.985761e+12	2.441203e-07
9.906700e+02	8.783921e+02	1.219168e-07	8.835680e+09	9.901825e+12	2.421361e-07
9.916700e+02	8.785574e+02	1.209278e-07	8.653564e+09	9.817890e+12	2.401518e-07
9.926700e+02	8.787227e+02	1.199387e-07	8.471447e+09	9.733954e+12	2.381676e-07
9.936700e+02	8.788881e+02	1.189497e-07	8.289331e+09	9.650018e+12	2.361834e-07
9.946700e+02	8.790534e+02	1.179606e-07	8.107215e+09	9.566082e+12	2.341992e-07
9.956700e+02	8.792187e+02	1.169716e-07	7.925098e+09	9.482147e+12	2.322149e-07
9.966700e+02	8.793841e+02	1.159826e-07	7.742982e+09	9.398211e+12	2.302307e-07
9.976700e+02	8.795494e+02	1.149935e-07	7.560865e+09	9.314275e+12	2.282465e-07
9.986700e+02	8.797148e+02	1.140045e-07	7.378749e+09	9.230339e+12	2.262622e-07
9.996700e+02	8.798801e+02	1.130154e-07	7.196633e+09	9.146404e+12	2.242780e-07
1.000670e+03	8.800454e+02	1.120264e-07	7.014516e+09	9.062468e+12	2.222938e-07
1.001670e+03	8.802108e+02	1.110373e-07	6.832400e+09	8.978532e+12	2.203096e-07
